1,429
2,863
3,1300
4,1727
5,2194
6,2639
7,3069
8,3494
9,3932
10,4377
11,4809
12,5238
13,5677
14,6123
15,6588
16,7035
17,7475
18,7911
19,8355
20,8784
21,9214
22,9645
23,10084
24,10529
25,10962
26,11400
27,11834
28,12276
29,12708
30,13142
31,13566
32,13999
33,14454
34,14877
35,15320
36,15749
37,16176
38,16608
39,17045
40,17496
41,17930
42,18359
43,18784
44,19218
45,19664
46,20101
47,20533
48,20961
49,21395
50,21827
51,22253
52,22683
53,23116
54,23550
55,24003
56,24441
57,24870
58,25297
59,25728
60,26173
61,26630
62,27064
63,27493
64,27924
65,28352
66,28784
67,29230
68,29680
69,30116
70,30542
71,30967
72,31400
73,31850
74,32333
75,32838
76,33314
77,33792
78,34271
79,34729
80,35168
81,35602
82,36038
83,36466
84,36902
85,37337
86,37762
87,38189
88,38621
89,39048
90,39476
91,39922
92,40363
93,40795
94,41232
95,41657
96,42094
97,42537
98,42999
99,43456
100,43892
101,44340
102,44778
103,45214
104,45658
105,46100
106,46551
107,46988
108,47432
109,47869
110,48324
111,48759
112,49202
113,49640
114,50066
115,50495
116,50938
117,51391
118,51819
119,52266
120,52691
121,53117
122,53545
123,53979
124,54422
125,54849
126,55280
127,55706
128,56138
129,56565
130,57003
131,57434
132,57862
133,58293
134,58726
135,59169
136,59600
137,60030
138,60458
139,60886
140,61326
141,61810
142,62280
143,62729
144,63198
145,63633
146,64058
147,64487
148,64925
149,65357
150,65783
151,66211
152,66640
153,67080
154,67525
155,68012
156,68453
157,68879
158,69314
159,69861
160,70582
161,71091
162,71532
163,71958
164,72390
165,72877
166,73323
167,73778
168,74254
169,74724
170,75175
171,75613
172,76056
173,76512
174,76959
175,77433
176,77907
177,78357
178,78789
179,79248
180,79698
181,80126
182,80565
183,81007
184,81430
185,81856
186,82279
187,82704
188,83129
189,83565
190,83996
191,84422
192,84850
193,85278
194,85706
195,86132
196,86557
197,86991
198,87428
199,87853
200,88282
201,88706
202,89134
203,89558
204,89997
205,90430
206,90854
207,91283
208,91715
209,92158
210,92582
211,93007
212,93431
213,93860
214,94284
215,94721
216,95182
217,95630
218,96064
219,96492
220,96928
221,97356
222,97783
223,98219
224,98664
225,99117
226,99575
227,100032
228,100472
229,100926
230,101356
231,101794
232,102226
233,102650
234,103094
235,103519
236,103945
237,104375
238,104806
239,105234
240,105660
241,106092
242,106533
243,106983
244,107445
245,107904
246,108374
247,108822
248,109247
249,109677
250,110107
251,110534
252,110960
253,111395
254,111839
255,112263
256,112692
257,113117
258,113542
259,113994
260,114425
261,114852
262,115279
263,115709
264,116139
265,116565
266,116997
267,117421
268,117854
269,118288
270,118714
271,119143
272,119566
273,119993
274,120450
275,120908
276,121381
277,121812
278,122277
279,122713
280,123164
281,123595
282,124020
283,124445
284,124889
285,125313
286,125740
287,126171
288,126595
289,127022
290,127454
291,127889
292,128314
293,128741
294,129166
295,129591
296,130015
297,130446
298,130926
299,131401
300,131836
301,132262
302,132688
303,133113
304,133540
305,133972
306,134396
307,134827
308,135256
309,135681
310,136131
311,136557
312,136983
313,137410
314,137838
315,138265
316,138695
317,139137
318,139568
319,140003
320,140446
321,140876
322,141310
323,141747
324,142176
325,142601
326,143025
327,143449
328,143877
329,144309
330,144740
331,145177
332,145617
333,146046
334,146475
335,146924
336,147349
337,147779
338,148208
339,148633
340,149062
341,149488
342,149921
343,150346
344,150775
345,151205
346,151629
347,152056
348,152478
349,152914
350,153347
351,153785
352,154211
353,154652
354,155083
355,155514
356,155956
357,156397
358,156824
359,157254
360,157692
361,158139
362,158568
363,158994
364,159424
365,159858
366,160282
367,160722
368,161155
369,161580
370,162009
371,162432
372,162860
373,163293
374,163721
375,164151
376,164573
377,164997
378,165421
379,165847
380,166274
381,166701
382,167128
383,167561
384,167990
385,168421
386,168858
387,169303
388,169731
389,170154
390,170580
391,171013
392,171462
393,171946
394,172384
395,172819
396,173246
397,173681
398,174129
399,174567
400,175022
401,175458
402,175892
403,176316
404,176746
405,177173
406,177598
407,178033
408,178458
409,178909
410,179357
411,179833
412,180314
413,180790
414,181249
415,181674
416,182105
417,182540
418,183001
419,183433
420,183865
421,184297
422,184727
423,185176
424,185600
425,186044
426,186473
427,186904
428,187345
429,187771
430,188207
431,188634
432,189073
433,189502
434,189933
435,190367
436,190817
437,191247
438,191681
439,192109
440,192544
441,192971
442,193400
443,193864
444,194304
445,194743
446,195175
447,195609
448,196043
449,196475
450,196916
451,197339
452,197779
453,198209
454,198635
455,199069
456,199507
457,199953
458,200381
459,200825
460,201249
461,201696
462,202137
463,202566
464,203006
465,203433
466,203860
467,204293
468,204729
469,205163
470,205593
471,206033
472,206500
473,206934
474,207360
475,207789
476,208222
477,208651
478,209075
479,209500
480,209930
481,210358
482,210796
483,211221
484,211645
485,212068
486,212495
487,212944
488,213366
489,213795
490,214218
491,214642
492,215067
493,215494
494,215927
495,216351
496,216781
497,217242
498,217694
499,218155
500,218616
501,219050
502,219512
503,220009
504,220466
505,220891
506,221318
507,221792
508,222226
509,222683
510,223107
511,223539
512,223986
513,224410
514,224840
515,225323
516,225803
517,226255
518,226704
519,227129
520,227553
521,227985
522,228419
523,228851
524,229287
525,229716
526,230154
527,230579
528,231003
529,231432
530,231879
531,232304
532,232747
533,233183
534,233638
535,234139
536,234614
537,235051
538,235476
539,235904
540,236329
541,236759
542,237187
543,237618
544,238045
545,238472
546,238924
547,239397
548,239829
549,240264
550,240698
551,241135
552,241561
553,241994
554,242419
555,242854
556,243284
557,243717
558,244143
559,244581
560,245061
561,245516
562,245971
563,246418
564,246852
565,247275
566,247767
567,248234
568,248678
569,249121
570,249547
571,249981
572,250434
573,250881
574,251304
575,251741
576,252173
577,252635
578,253080
579,253506
