1,433
2,862
3,1302
4,1731
5,2156
6,2586
7,3020
8,3467
9,3896
10,4328
11,4765
12,5195
13,5626
14,6056
15,6498
16,6931
17,7365
18,7800
19,8227
20,8654
21,9093
22,9534
23,9964
24,10391
25,10816
26,11255
27,11690
28,12136
29,12597
30,13051
31,13479
32,13903
33,14353
34,14785
35,15253
36,15727
37,16204
38,16652
39,17135
40,17597
41,18032
42,18477
43,18900
44,19326
45,19753
46,20185
47,20610
48,21042
49,21486
50,21915
51,22343
52,22769
53,23198
54,23620
55,24043
56,24467
57,24897
58,25334
59,25759
60,26184
61,26613
62,27039
63,27467
64,27889
65,28316
66,28742
67,29165
68,29589
69,30012
70,30451
71,30877
72,31306
73,31731
74,32155
75,32581
76,33006
77,33429
78,33852
79,34280
80,34705
81,35128
82,35553
83,35980
84,36416
85,36840
86,37264
87,37689
88,38112
89,38537
90,38960
91,39389
92,39813
93,40237
94,40661
95,41085
96,41511
97,41931
98,42358
99,42782
100,43205
101,43629
102,44051
103,44477
104,44906
105,45335
106,45759
107,46184
108,46611
109,47034
110,47475
111,47897
112,48322
113,48788
114,49216
115,49639
116,50067
117,50492
118,50915
119,51342
120,51766
121,52195
122,52621
123,53087
124,53573
125,54032
126,54460
127,54917
128,55363
129,55795
130,56225
131,56651
132,57074
133,57498
134,57921
135,58359
136,58784
137,59209
138,59647
139,60075
140,60502
141,60935
142,61365
143,61809
144,62241
145,62670
146,63094
147,63519
148,63942
149,64369
150,64793
151,65222
152,65648
153,66072
154,66503
155,66942
156,67370
157,67796
158,68234
159,68677
160,69120
161,69548
162,69971
163,70396
164,70822
165,71255
166,71690
167,72121
168,72547
169,72971
170,73396
171,73818
172,74243
173,74669
174,75102
175,75527
176,75949
177,76376
178,76813
179,77246
180,77681
181,78115
182,78540
183,78967
184,79391
185,79816
186,80252
187,80677
188,81103
189,81531
190,81956
191,82386
192,82814
193,83250
194,83673
195,84098
196,84530
197,84956
198,85380
199,85804
200,86232
201,86657
202,87080
203,87505
204,87933
205,88357
206,88782
207,89212
208,89634
209,90058
210,90481
211,90905
212,91347
213,91771
214,92198
215,92621
216,93046
217,93472
218,93896
219,94330
220,94756
221,95180
222,95606
223,96030
224,96453
225,96878
226,97304
227,97730
228,98152
229,98576
230,98998
231,99422
232,99847
233,100280
234,100706
235,101128
236,101552
237,101976
238,102411
239,102835
240,103262
241,103687
242,104111
243,104537
244,104960
245,105390
246,105813
247,106240
248,106663
249,107086
250,107509
251,107936
252,108361
253,108786
254,109213
255,109637
256,110061
257,110483
258,110905
259,111337
260,111765
261,112194
262,112620
263,113052
264,113482
265,113908
266,114343
267,114775
268,115199
269,115625
270,116056
271,116484
272,116910
273,117335
274,117761
275,118186
276,118614
277,119046
278,119471
279,119944
280,120383
281,120810
282,121238
283,121664
284,122096
285,122522
286,122949
287,123374
288,123803
289,124242
290,124713
291,125170
292,125618
293,126054
294,126487
295,126954
296,127429
297,127881
298,128310
299,128737
300,129171
301,129598
302,130032
303,130459
304,130901
305,131339
306,131771
307,132203
308,132632
309,133076
310,133506
311,133939
312,134373
313,134798
314,135250
315,135686
316,136116
317,136545
318,136976
319,137407
320,137831
321,138258
322,138682
323,139110
324,139540
325,139974
326,140398
327,140830
328,141257
329,141689
330,142117
331,142542
332,142969
333,143395
334,143819
335,144252
336,144682
337,145107
338,145530
339,145960
340,146390
341,146814
342,147244
343,147670
344,148097
345,148519
346,148947
347,149372
348,149796
349,150220
350,150643
351,151068
352,151522
353,151993
354,152473
355,152915
356,153361
357,153793
358,154221
359,154665
360,155109
361,155535
362,155966
363,156396
364,156824
365,157260
366,157692
367,158136
368,158564
369,158990
370,159414
371,159837
372,160268
373,160694
374,161119
375,161542
376,161967
377,162398
378,162821
379,163248
380,163671
381,164094
382,164518
383,164954
384,165423
385,165880
386,166336
387,166770
388,167193
389,167626
390,168066
391,168496
392,168923
393,169347
394,169769
395,170194
396,170616
397,171057
398,171485
399,171914
400,172336
401,172761
402,173186
403,173612
404,174038
405,174475
406,174905
407,175331
408,175755
409,176183
410,176609
411,177038
412,177474
413,177901
414,178333
415,178776
416,179219
417,179644
418,180077
419,180509
420,180951
421,181376
422,181803
423,182238
424,182678
425,183184
426,183664
427,184099
428,184522
429,184953
430,185383
431,185815
432,186260
433,186691
434,187123
435,187550
436,187996
437,188424
438,188849
439,189273
440,189695
441,190133
442,190557
443,190982
444,191406
445,191831
446,192254
447,192676
448,193106
449,193537
450,193964
451,194387
452,194813
453,195237
454,195661
455,196088
456,196510
457,196935
458,197359
459,197784
460,198212
461,198636
462,199091
463,199514
464,199938
465,200362
466,200785
467,201222
468,201645
469,202076
470,202513
471,202938
472,203363
473,203785
474,204213
475,204641
476,205072
477,205499
478,205927
479,206351
480,206774
481,207240
482,207664
483,208089
484,208512
485,208938
486,209368
487,209791
488,210222
489,210644
490,211070
491,211494
492,211929
493,212354
494,212778
495,213205
496,213628
497,214053
498,214476
499,214906
500,215333
501,215756
502,216182
503,216604
504,217027
505,217450
506,217880
507,218302
508,218725
509,219152
510,219574
511,219998
512,220421
513,220849
514,221275
515,221701
516,222124
517,222546
518,222982
519,223407
520,223833
521,224256
522,224678
523,225104
524,225526
525,225954
526,226379
527,226804
528,227227
529,227650
530,228074
531,228495
532,228925
533,229349
534,229772
535,230195
536,230618
537,231043
538,231472
539,231904
540,232329
541,232752
542,233177
543,233600
544,234035
545,234463
546,234898
547,235321
548,235744
549,236168
550,236592
551,237017
552,237440
553,237865
554,238289
555,238711
556,239137
557,239562
558,239988
559,240412
560,240836
561,241261
562,241684
563,242108
564,242531
565,242969
566,243392
567,243815
568,244239
569,244662
570,245098
571,245520
572,245948
573,246371
574,246793
