1,453
2,933
3,1405
4,1855
5,2322
6,2756
7,3228
8,3672
9,4147
10,4602
11,5049
12,5500
13,5972
14,6447
15,6900
16,7352
17,7794
18,8244
19,8713
20,9207
21,9667
22,10143
23,10594
24,11069
25,11541
26,11989
27,12447
28,12875
29,13314
30,13739
31,14191
32,14626
33,15078
34,15523
35,15998
36,16453
37,16904
38,17370
39,17803
40,18232
41,18666
42,19124
43,19569
44,20024
45,20476
46,20920
47,21354
48,21782
49,22211
50,22647
51,23087
52,23516
53,23947
54,24390
55,24820
56,25260
57,25693
58,26145
59,26585
60,27054
61,27549
62,28003
63,28478
64,28929
65,29393
66,29857
67,30316
68,30797
69,31236
70,31674
71,32118
72,32547
73,32975
74,33408
75,33841
76,34279
77,34709
78,35136
79,35564
80,35989
81,36419
82,36848
83,37290
84,37715
85,38142
86,38579
87,39031
88,39473
89,39899
90,40328
91,40757
92,41209
93,41635
94,42075
95,42514
96,42970
97,43410
98,43835
99,44267
100,44692
101,45127
102,45562
103,45999
104,46424
105,46849
106,47278
107,47710
108,48164
109,48594
110,49022
111,49446
112,49869
113,50310
114,50736
115,51161
116,51583
117,52005
118,52444
119,52868
120,53299
121,53721
122,54154
123,54578
124,55006
125,55434
126,55857
127,56283
128,56707
129,57134
130,57558
131,57980
132,58406
133,58830
134,59268
135,59695
136,60126
137,60551
138,60991
139,61421
140,61843
141,62269
142,62691
143,63116
144,63553
