1,467
2,934
3,1401
4,1862
5,2337
6,2829
7,3414
8,3928
9,4450
10,4942
11,5416
12,5863
13,6328
14,6789
15,7255
16,7720
17,8181
18,8635
19,9089
20,9534
21,9970
22,10402
23,10847
24,11307
25,11746
26,12182
27,12609
28,13043
29,13490
30,13941
31,14398
32,14830
33,15270
34,15703
35,16135
36,16587
37,17069
38,17529
39,18007
40,18480
41,18912
42,19365
43,19807
44,20242
45,20682
46,21109
47,21533
48,21983
49,22416
50,22850
51,23276
52,23709
53,24148
54,24577
55,25009
56,25443
57,25872
58,26308
59,26734
60,27163
61,27623
62,28093
63,28527
64,28990
65,29416
66,29843
67,30277
68,30709
69,31152
70,31586
71,32012
72,32438
73,32868
74,33309
75,33734
76,34166
77,34593
78,35019
79,35446
80,35874
81,36308
82,36733
83,37163
84,37591
85,38019
86,38460
87,38892
88,39319
89,39748
90,40176
91,40605
92,41033
93,41462
94,41893
95,42326
96,42755
97,43182
98,43615
99,44066
100,44493
101,44922
102,45349
103,45774
104,46207
105,46639
106,47075
107,47507
108,47971
109,48397
110,48829
111,49258
112,49687
113,50114
114,50537
115,50980
116,51403
117,51825
118,52250
119,52671
120,53100
121,53527
122,53950
123,54373
124,54801
125,55236
126,55659
127,56082
128,56508
129,56931
130,57354
131,57776
132,58205
133,58630
134,59054
135,59478
136,59902
137,60324
138,60749
139,61176
140,61599
141,62022
142,62447
143,62870
144,63295
145,63716
146,64145
147,64568
148,64990
149,65415
150,65845
151,66280
152,66706
153,67133
154,67563
155,68002
156,68425
157,68852
158,69282
159,69708
160,70132
161,70563
162,70998
163,71425
164,71860
165,72288
166,72719
167,73149
168,73576
169,74000
170,74430
171,74863
172,75288
173,75712
174,76145
175,76574
176,77015
177,77439
178,77864
179,78288
180,78712
181,79134
182,79558
183,79996
184,80429
185,80855
186,81284
187,81714
188,82142
189,82570
190,83008
191,83437
192,83861
193,84284
194,84708
195,85137
196,85564
197,85996
198,86424
199,86855
200,87281
201,87716
202,88162
203,88590
204,89017
205,89449
206,89891
207,90321
208,90751
209,91186
210,91612
211,92040
212,92466
213,92890
214,93311
215,93738
216,94165
217,94589
218,95086
219,95563
220,95996
221,96424
222,96872
223,97326
224,97833
225,98267
226,98721
227,99174
228,99655
229,100117
230,100553
231,101015
232,101470
233,101948
234,102395
235,102863
236,103298
237,103727
238,104165
239,104597
240,105046
241,105530
242,106008
243,106446
244,106876
245,107301
246,107736
247,108182
248,108659
249,109083
250,109514
251,109964
252,110410
253,110861
254,111320
255,111762
256,112186
257,112610
258,113039
259,113469
260,113895
261,114328
262,114757
263,115193
264,115619
265,116051
266,116478
267,116909
268,117341
269,117765
270,118189
271,118614
272,119046
273,119475
274,119900
275,120324
276,120755
277,121199
278,121627
279,122061
280,122484
281,122908
282,123333
283,123760
284,124190
285,124613
286,125038
287,125483
288,125922
289,126359
290,126784
291,127251
292,127686
293,128159
294,128606
295,129048
296,129529
297,129977
298,130406
299,130855
300,131314
301,131743
302,132177
303,132601
304,133031
305,133459
306,133884
307,134309
308,134734
309,135164
310,135591
311,136023
312,136450
313,136877
314,137305
315,137735
316,138163
317,138588
318,139012
319,139435
320,139860
321,140314
322,140763
323,141236
324,141675
325,142153
326,142619
327,143079
328,143547
329,144001
330,144450
331,144935
332,145376
333,145867
334,146354
335,146830
336,147282
337,147712
338,148145
339,148602
340,149031
341,149479
342,149949
343,150375
344,150817
345,151262
346,151690
347,152120
348,152545
349,152972
350,153418
351,153852
352,154276
353,154710
354,155135
355,155564
356,155989
357,156412
358,156840
359,157265
360,157687
361,158115
362,158543
363,158971
364,159402
365,159833
366,160260
367,160683
368,161112
369,161538
370,161961
371,162394
372,162824
373,163249
374,163682
375,164128
376,164583
377,165046
378,165472
379,165896
380,166319
381,166742
382,167164
383,167587
384,168018
385,168439
386,168864
387,169286
388,169708
389,170133
390,170558
391,170988
392,171413
393,171839
394,172260
395,172689
396,173114
397,173542
398,173970
399,174393
400,174818
401,175241
402,175664
403,176105
404,176548
405,176981
406,177404
407,177827
408,178254
409,178676
410,179103
411,179539
412,179963
413,180386
414,180811
415,181245
416,181704
417,182130
418,182553
419,182982
420,183425
421,183877
422,184312
423,184745
424,185168
425,185606
426,186035
427,186463
428,186909
429,187340
430,187806
431,188268
432,188719
433,189179
434,189606
435,190065
436,190571
437,191032
438,191489
439,191968
440,192451
441,192906
442,193363
443,193793
444,194237
445,194678
446,195117
447,195560
448,196020
449,196471
450,196911
451,197337
452,197782
453,198221
454,198681
455,199126
456,199591
457,200021
458,200482
459,200941
460,201385
461,201824
462,202257
463,202700
464,203130
465,203557
466,203988
467,204422
468,204891
469,205354
470,205800
471,206228
472,206663
473,207095
474,207556
475,207988
476,208426
477,208878
478,209303
479,209736
480,210166
481,210606
482,211031
483,211474
484,211911
485,212346
486,212815
487,213256
488,213687
489,214122
490,214552
491,214982
492,215408
493,215846
494,216279
495,216710
496,217135
497,217575
498,218031
499,218504
500,218955
501,219412
502,219862
503,220297
504,220735
505,221168
506,221603
507,222032
508,222465
509,222900
510,223334
511,223778
512,224212
513,224655
514,225093
515,225527
516,225992
517,226463
518,226937
519,227415
520,227872
521,228336
522,228793
523,229235
524,229671
525,230141
526,230602
527,231067
528,231505
529,231998
530,232477
531,232916
532,233348
533,233816
534,234264
535,234746
536,235204
537,235636
538,236067
539,236502
540,236940
541,237389
542,237864
543,238366
544,238800
545,239240
546,239697
547,240127
548,240563
549,240992
550,241437
551,241909
552,242347
553,242803
554,243237
555,243682
556,244138
557,244574
558,245005
559,245453
560,245890
561,246338
562,246788
563,247241
564,247692
565,248135
566,248588
567,249036
568,249489
569,249942
570,250380
571,250834
572,251289
573,251733
574,252180
575,252642
576,253091
577,253547
578,253995
579,254459
