1,431
2,859
3,1282
4,1716
5,2142
6,2569
7,2993
8,3420
9,3844
10,4268
11,4695
12,5118
13,5547
14,5969
15,6393
16,6819
17,7242
18,7666
19,8091
20,8529
21,8953
22,9378
23,9804
24,10228
25,10676
26,11099
27,11523
28,11946
29,12379
30,12808
31,13231
32,13658
33,14081
34,14505
35,14933
36,15359
37,15781
38,16204
39,16632
40,17055
41,17483
42,17905
43,18330
44,18756
45,19185
46,19620
47,20047
48,20473
49,20897
50,21330
51,21762
52,22186
53,22612
54,23036
55,23474
56,23896
57,24328
58,24757
59,25180
60,25605
61,26027
62,26452
63,26877
64,27306
65,27729
66,28156
67,28581
68,29003
69,29427
70,29857
71,30290
72,30720
73,31144
74,31573
75,32000
76,32443
77,32868
78,33293
79,33717
80,34143
81,34566
82,35005
83,35433
84,35856
85,36281
86,36704
87,37129
88,37553
89,37975
90,38402
91,38824
92,39248
93,39676
94,40100
95,40527
96,40948
97,41381
98,41809
99,42232
100,42655
101,43079
102,43527
103,43950
104,44376
105,44799
106,45222
107,45666
108,46088
109,46517
110,46939
111,47363
112,47790
113,48216
114,48641
115,49069
116,49496
117,49923
118,50351
119,50775
120,51201
121,51627
122,52050
123,52492
124,52937
125,53362
126,53789
127,54218
128,54656
129,55082
130,55509
131,55931
132,56353
133,56790
134,57219
135,57643
136,58065
137,58491
138,58915
139,59338
140,59761
141,60194
142,60621
143,61045
144,61470
145,61894
146,62319
147,62744
148,63172
149,63607
150,64030
151,64455
152,64881
153,65328
154,65754
155,66183
156,66607
157,67030
158,67468
159,67890
160,68321
161,68744
162,69168
163,69594
164,70016
165,70440
166,70864
167,71292
168,71717
169,72144
170,72568
171,72993
172,73418
173,73842
174,74271
175,74700
176,75125
177,75551
178,75973
179,76451
180,76882
181,77306
182,77730
183,78154
184,78591
185,79018
186,79449
187,79874
188,80299
189,80724
190,81149
191,81573
192,81996
193,82423
194,82846
195,83275
196,83698
197,84143
198,84568
199,84992
200,85428
201,85849
202,86272
203,86699
204,87129
205,87566
206,87996
207,88420
208,88843
209,89271
210,89706
211,90140
212,90568
213,90993
214,91418
215,91842
216,92264
217,92686
218,93112
219,93536
220,93958
221,94381
222,94806
223,95237
224,95661
225,96088
226,96522
227,96945
228,97374
229,97796
230,98239
231,98666
232,99090
233,99517
234,99941
235,100380
236,100803
237,101230
238,101654
239,102079
240,102501
241,102926
242,103350
243,103772
244,104202
245,104627
246,105056
247,105480
248,105903
249,106333
250,106757
251,107197
252,107621
253,108044
254,108471
255,108892
256,109335
257,109765
258,110189
259,110613
260,111035
261,111473
262,111898
263,112384
264,112806
265,113230
