1,447
2,914
3,1386
4,1827
5,2265
6,2699
7,3139
8,3578
9,4010
10,4453
11,4889
12,5322
13,5751
14,6178
15,6612
16,7056
17,7486
18,7930
19,8369
20,8806
21,9242
22,9694
23,10131
24,10568
25,11004
26,11437
27,11871
28,12297
29,12772
30,13207
31,13665
32,14091
33,14523
34,14946
35,15386
36,15818
37,16243
38,16672
39,17101
40,17537
41,17977
42,18407
43,18839
44,19270
45,19704
46,20131
47,20564
48,21002
49,21450
50,21890
51,22317
52,22757
53,23194
54,23638
55,24081
56,24523
57,24961
58,25399
59,25837
60,26270
61,26712
62,27176
63,27610
64,28045
65,28480
66,28936
67,29391
68,29833
69,30277
70,30718
71,31155
72,31604
73,32048
74,32481
75,32939
76,33413
77,33891
78,34371
79,34817
80,35270
81,35713
82,36177
83,36619
84,37092
85,37547
86,37995
87,38468
88,38899
89,39326
90,39764
91,40193
92,40629
93,41069
94,41505
95,41934
96,42366
97,42798
98,43222
99,43653
100,44083
101,44517
102,44944
103,45387
104,45842
105,46278
106,46712
107,47139
108,47568
109,47991
110,48422
111,48847
112,49270
113,49707
114,50134
115,50569
116,51006
117,51442
118,51874
119,52306
120,52736
121,53162
122,53596
123,54028
124,54460
125,54894
126,55326
127,55761
128,56214
129,56653
130,57109
131,57545
132,57972
133,58409
134,58840
135,59266
136,59696
137,60125
138,60560
139,60991
140,61432
141,61874
142,62306
143,62745
144,63180
145,63617
146,64046
147,64480
148,64967
149,65433
150,65858
151,66327
152,66793
153,67250
154,67686
155,68121
156,68554
157,68980
158,69405
159,69832
160,70259
161,70692
162,71125
163,71552
164,71978
165,72403
166,72846
167,73275
168,73702
169,74127
170,74556
171,74982
172,75414
173,75851
174,76280
175,76713
176,77138
177,77565
178,77993
179,78426
180,78861
181,79286
182,79712
183,80140
184,80565
185,80992
186,81421
187,81864
188,82306
189,82757
190,83242
191,83749
192,84236
193,84719
194,85207
195,85700
196,86194
197,86683
198,87162
199,87633
200,88110
201,88582
202,89050
203,89513
204,89976
205,90428
206,90886
207,91338
208,91770
209,92201
210,92646
211,93083
212,93521
213,93978
214,94433
215,94893
216,95323
217,95758
218,96213
219,96668
220,97132
221,97561
222,98040
223,98492
224,98963
225,99432
226,99875
227,100308
228,100758
229,101202
230,101644
231,102103
232,102541
233,103007
234,103472
235,103966
236,104438
237,104885
238,105318
239,105810
240,106274
241,106724
242,107172
243,107608
244,108053
245,108486
246,108948
247,109399
248,109859
249,110294
250,110758
251,111213
252,111658
253,112126
254,112580
255,113044
256,113494
257,113931
258,114359
259,114803
260,115241
261,115680
262,116140
263,116609
264,117099
265,117577
266,118041
267,118503
268,118970
269,119428
270,119898
271,120338
272,120800
273,121250
274,121721
275,122147
276,122601
277,123078
278,123545
279,124004
280,124474
281,124938
282,125371
283,125804
284,126287
285,126750
286,127200
287,127670
288,128121
289,128571
290,129058
291,129526
292,129983
293,130479
294,130952
295,131405
296,131855
297,132300
298,132745
299,133169
300,133599
301,134025
302,134448
303,134874
304,135301
305,135727
306,136156
307,136585
308,137023
309,137524
310,137974
311,138434
312,138903
313,139332
314,139794
315,140238
316,140674
317,141138
318,141607
319,142058
320,142493
321,142920
322,143344
323,143778
324,144208
325,144643
326,145077
327,145514
328,145943
329,146376
330,146809
331,147232
332,147666
333,148096
334,148521
335,148950
336,149372
337,149816
338,150239
339,150671
340,151104
341,151528
342,151954
343,152377
344,152812
345,153238
346,153668
347,154117
348,154590
349,155030
350,155454
351,155894
352,156365
353,156807
354,157282
355,157714
356,158147
357,158583
358,159078
359,159500
360,159925
361,160346
362,160791
363,161233
364,161693
365,162129
366,162566
367,163046
368,163495
369,163931
370,164374
371,164813
372,165270
373,165698
374,166120
375,166546
376,166968
377,167395
378,167830
379,168258
380,168684
381,169116
382,169544
383,169969
384,170393
385,170817
386,171240
387,171677
388,172099
389,172525
390,172949
391,173372
392,173801
393,174297
394,174730
395,175156
396,175628
397,176053
398,176474
399,176909
400,177335
401,177764
402,178199
403,178621
404,179044
405,179476
406,179930
407,180391
408,180824
409,181270
410,181727
411,182156
412,182593
413,183018
414,183445
415,183870
416,184295
417,184719
418,185179
419,185664
420,186097
421,186548
422,186979
423,187441
424,187888
425,188313
426,188744
427,189167
428,189599
429,190078
430,190519
431,190946
432,191420
433,191875
434,192361
435,192799
436,193252
437,193728
438,194186
439,194657
440,195117
441,195559
442,196003
443,196479
444,196913
445,197365
446,197848
447,198336
448,198810
449,199281
450,199747
451,200176
452,200655
453,201103
454,201557
455,201996
456,202453
457,202918
458,203361
459,203796
460,204245
461,204740
462,205170
463,205619
464,206096
465,206584
466,207049
467,207546
468,208001
469,208449
470,208876
471,209307
472,209734
473,210160
474,210590
475,211031
