1,444
2,871
3,1297
4,1721
5,2152
6,2582
7,3010
8,3441
9,3870
10,4297
11,4721
12,5147
13,5575
14,6004
15,6431
16,6857
17,7281
18,7706
19,8132
20,8565
21,8988
22,9420
23,9848
24,10272
25,10702
26,11136
27,11561
28,11984
29,12417
30,12845
31,13268
32,13693
33,14128
34,14554
35,14987
36,15415
37,15842
38,16268
39,16694
40,17125
41,17551
42,17975
43,18402
44,18827
45,19249
46,19674
47,20101
48,20524
49,20947
50,21372
51,21795
52,22229
53,22654
54,23081
55,23503
56,23925
57,24348
58,24771
59,25197
60,25621
61,26048
62,26470
63,26891
64,27314
65,27736
66,28161
67,28583
68,29006
69,29428
70,29851
71,30273
72,30697
73,31126
74,31549
75,31971
76,32399
77,32824
78,33258
79,33689
80,34113
81,34537
82,34965
83,35392
84,35819
85,36246
86,36670
87,37095
88,37519
89,37943
90,38367
91,38790
92,39220
93,39645
94,40076
95,40499
96,40923
97,41346
98,41778
99,42207
100,42630
101,43054
102,43476
103,43900
104,44336
105,44760
106,45183
107,45607
108,46029
109,46453
110,46878
111,47304
112,47731
113,48159
114,48581
115,49010
116,49434
117,49860
118,50287
119,50713
120,51141
121,51568
122,52001
123,52486
124,52935
125,53370
126,53824
127,54251
128,54681
129,55119
130,55548
131,55974
132,56399
133,56826
134,57253
135,57678
136,58105
137,58530
138,58961
139,59387
140,59813
141,60237
142,60677
143,61112
144,61545
145,61970
146,62396
147,62822
148,63248
149,63681
150,64115
151,64545
152,64972
153,65394
154,65820
155,66260
156,66688
157,67113
158,67540
159,67962
160,68384
161,68805
162,69232
163,69654
164,70078
165,70502
166,70924
167,71358
168,71786
169,72220
170,72645
171,73071
172,73503
173,73934
174,74369
175,74791
176,75221
177,75643
178,76070
179,76498
180,76925
181,77368
182,77792
183,78220
184,78651
185,79072
186,79496
187,79919
188,80348
189,80771
190,81193
191,81615
192,82038
193,82467
194,82890
195,83324
196,83747
197,84181
198,84662
199,85138
200,85610
201,86053
202,86477
203,86924
204,87348
205,87771
206,88207
207,88629
208,89058
209,89489
210,89912
211,90335
212,90769
213,91198
214,91620
215,92048
216,92487
217,92934
218,93415
219,93866
220,94293
221,94719
222,95142
223,95566
224,95988
225,96414
226,96846
227,97284
228,97707
229,98130
230,98555
231,98990
232,99421
233,99852
234,100284
235,100716
236,101148
237,101578
238,102012
239,102460
240,102899
241,103321
242,103757
243,104180
244,104609
245,105041
246,105473
247,105903
248,106326
249,106750
250,107175
251,107604
252,108046
253,108471
254,108914
255,109385
256,109842
257,110389
258,110931
259,111393
260,111840
261,112280
262,112722
263,113180
264,113632
265,114072
266,114530
267,114995
268,115432
269,115891
270,116404
271,116867
272,117344
273,117818
274,118267
275,118722
276,119183
277,119653
278,120120
279,120578
280,121062
281,121519
282,121977
283,122437
284,122899
285,123378
286,123822
287,124277
288,124723
289,125197
290,125637
291,126114
292,126574
293,127031
294,127481
295,127915
296,128345
297,128768
298,129195
299,129647
300,130095
301,130549
302,130995
303,131454
304,131950
305,132425
306,132877
307,133327
308,133811
309,134264
310,134728
311,135198
312,135639
313,136070
314,136501
315,136932
316,137362
317,137792
318,138226
319,138674
320,139122
321,139564
322,140042
323,140474
324,140929
325,141366
326,141838
327,142299
328,142748
329,143226
330,143668
331,144129
332,144592
333,145060
334,145545
335,146013
336,146462
337,146905
338,147352
339,147777
340,148201
341,148626
342,149057
343,149497
344,149931
345,150365
346,150792
347,151220
348,151650
349,152089
350,152523
351,152957
352,153384
353,153812
354,154254
355,154686
356,155119
357,155543
358,155968
359,156393
360,156821
361,157256
362,157680
363,158108
364,158535
365,158971
366,159421
367,159870
368,160321
369,160753
370,161232
371,161680
372,162126
373,162601
374,163042
375,163512
376,163987
377,164462
378,164930
379,165376
380,165830
381,166296
382,166735
383,167160
384,167584
385,168048
386,168540
387,169012
388,169453
389,169885
390,170321
391,170752
392,171186
393,171617
394,172061
395,172514
396,172969
397,173440
398,173928
399,174398
400,174857
401,175336
402,175768
403,176233
404,176731
405,177181
406,177661
407,178111
408,178539
409,178992
410,179420
411,179866
412,180297
413,180723
414,181163
415,181588
416,182023
417,182453
418,182882
419,183313
420,183739
421,184166
422,184590
423,185025
424,185457
425,185887
426,186313
427,186744
428,187189
429,187618
430,188046
431,188471
432,188903
433,189330
434,189776
435,190203
436,190629
437,191064
438,191510
439,191945
440,192375
441,192813
442,193239
443,193669
444,194098
445,194521
446,194960
447,195399
448,195840
449,196274
450,196718
451,197144
452,197568
453,198020
454,198444
455,198871
456,199296
457,199722
458,200150
459,200577
460,201015
461,201448
462,201881
463,202307
464,202741
465,203172
466,203599
467,204047
468,204481
469,204945
470,205369
471,205796
472,206225
473,206652
474,207092
475,207517
476,207948
477,208377
478,208822
479,209259
480,209689
481,210115
482,210539
483,210970
484,211398
485,211837
486,212266
487,212704
488,213132
489,213556
490,213985
491,214418
492,214866
493,215297
494,215723
495,216148
496,216579
497,217032
498,217473
499,217917
500,218342
501,218773
502,219197
503,219627
504,220077
505,220516
506,220944
507,221371
508,221804
509,222234
510,222661
511,223104
512,223546
513,223988
514,224435
515,224887
516,225317
517,225753
518,226183
519,226611
520,227034
521,227462
522,227886
523,228326
524,228757
525,229183
526,229606
527,230039
528,230468
529,230926
530,231378
531,231806
532,232235
533,232660
534,233092
535,233520
536,233956
537,234388
538,234814
539,235246
540,235675
541,236104
542,236529
543,236957
544,237384
545,237809
546,238234
547,238658
548,239090
549,239516
550,239951
551,240377
552,240816
553,241247
554,241674
555,242109
556,242534
557,242960
558,243389
559,243814
560,244241
561,244663
562,245093
563,245515
564,245944
565,246374
566,246801
567,247225
568,247648
569,248083
570,248506
571,248933
572,249362
573,249793
574,250215
575,250637
576,251067
577,251491
578,251956
579,252388
