1,435
2,876
3,1303
4,1738
5,2196
6,2619
7,3047
8,3479
9,3902
10,4343
11,4766
12,5195
13,5618
14,6054
15,6481
16,6912
17,7347
18,7772
19,8207
20,8633
21,9066
22,9493
23,9930
24,10365
25,10795
26,11230
27,11654
28,12082
29,12506
30,12936
31,13388
32,13816
33,14245
34,14671
35,15109
36,15543
37,15967
38,16393
39,16822
40,17252
41,17675
42,18113
43,18547
44,18977
45,19404
46,19829
47,20254
48,20677
49,21125
50,21549
51,21976
52,22406
53,22847
54,23271
55,23695
56,24126
57,24573
58,25003
59,25426
60,25850
61,26300
62,26728
63,27162
64,27586
65,28020
66,28443
67,28870
68,29298
69,29726
70,30156
71,30583
72,31015
73,31439
74,31874
75,32308
76,32742
77,33177
78,33600
79,34028
80,34452
81,34880
82,35331
83,35757
84,36184
85,36606
86,37040
87,37475
88,37898
89,38326
90,38753
91,39180
92,39602
93,40032
94,40459
95,40887
96,41312
97,41738
98,42172
99,42595
100,43035
101,43458
102,43882
103,44315
104,44740
105,45169
106,45596
107,46044
108,46477
109,46907
110,47332
111,47755
112,48197
113,48622
114,49051
