1,427
2,855
3,1281
4,1703
5,2126
6,2550
7,2973
8,3396
9,3825
10,4248
11,4671
12,5100
13,5528
14,5959
15,6383
16,6822
17,7245
18,7670
19,8099
20,8521
21,8964
22,9393
23,9818
24,10245
25,10669
26,11112
27,11552
28,11982
29,12406
30,12835
31,13268
32,13702
33,14126
34,14553
35,14980
36,15404
37,15826
38,16253
39,16676
40,17102
41,17525
42,17956
43,18383
44,18808
45,19230
46,19653
47,20096
48,20522
49,20944
50,21368
51,21791
52,22229
53,22651
54,23080
55,23503
56,23927
57,24350
58,24774
59,25199
60,25622
61,26047
62,26473
63,26897
64,27320
65,27744
66,28177
67,28601
68,29036
69,29461
70,29886
71,30310
72,30740
73,31175
74,31601
75,32026
76,32449
77,32874
78,33316
79,33745
80,34170
81,34593
82,35017
83,35439
84,35868
85,36293
86,36720
87,37145
88,37569
89,37995
90,38417
91,38842
92,39264
93,39692
94,40128
95,40550
96,40973
97,41395
98,41840
99,42264
100,42689
101,43110
102,43532
103,43968
104,44400
105,44826
106,45248
107,45671
108,46094
109,46518
110,46941
111,47368
112,47796
113,48223
114,48647
115,49075
116,49498
117,49922
118,50343
119,50774
120,51201
121,51627
122,52049
123,52471
124,52909
125,53334
126,53759
127,54184
128,54608
129,55043
130,55464
131,55899
132,56323
133,56752
134,57174
135,57597
136,58021
137,58442
138,58867
139,59290
140,59715
141,60137
142,60559
143,60984
144,61406
145,61845
146,62266
147,62690
148,63113
149,63536
150,63976
151,64398
152,64823
153,65245
154,65670
155,66107
156,66533
157,66960
158,67383
159,67808
160,68232
161,68656
162,69080
163,69503
164,69928
165,70353
166,70774
167,71199
168,71621
169,72046
170,72469
171,72903
172,73327
173,73755
174,74178
175,74602
176,75048
177,75473
178,75897
179,76320
180,76754
181,77181
182,77604
183,78037
184,78463
185,78891
186,79313
187,79738
188,80158
189,80581
190,81004
191,81428
192,81853
193,82275
194,82698
195,83124
196,83547
197,83978
198,84401
199,84825
200,85246
201,85676
202,86110
203,86532
204,86956
205,87378
206,87807
207,88246
208,88674
209,89096
210,89520
211,89944
212,90366
213,90788
214,91211
215,91637
216,92059
217,92484
218,92911
219,93332
220,93755
221,94180
222,94604
223,95040
224,95464
225,95887
226,96311
227,96758
228,97184
229,97614
230,98036
231,98462
232,98888
233,99323
234,99751
235,100175
236,100603
237,101029
238,101452
239,101876
240,102299
241,102724
242,103148
243,103573
244,103998
245,104421
246,104846
247,105268
248,105698
249,106126
250,106550
251,106988
252,107412
253,107851
254,108275
255,108701
256,109122
257,109545
258,109984
259,110406
260,110834
261,111258
262,111683
263,112105
264,112526
265,112951
266,113372
267,113798
268,114221
269,114651
270,115074
271,115497
272,115921
273,116346
274,116786
275,117208
276,117636
277,118059
278,118481
279,118920
280,119342
281,119770
282,120195
283,120617
284,121054
285,121477
286,121903
287,122332
288,122798
289,123281
290,123735
291,124207
292,124699
293,125168
294,125625
295,126108
296,126546
297,126977
298,127401
299,127849
300,128284
301,128737
302,129167
303,129613
304,130058
305,130500
306,130954
307,131403
308,131862
309,132308
310,132755
311,133226
312,133683
313,134129
314,134567
315,135017
316,135462
317,135910
318,136359
319,136814
320,137264
321,137720
322,138160
323,138602
324,139065
325,139549
326,140024
327,140468
328,140943
329,141437
330,141915
331,142386
332,142835
333,143310
334,143769
335,144228
336,144704
337,145172
338,145627
339,146071
340,146526
341,146960
342,147395
343,147832
344,148267
345,148721
346,149174
347,149644
348,150079
349,150531
350,151007
351,151471
352,151975
353,152471
354,152932
355,153382
356,153817
357,154290
358,154762
359,155201
360,155646
361,156082
362,156520
363,156955
364,157437
365,157899
366,158346
367,158774
368,159215
369,159650
370,160080
371,160512
372,160946
373,161375
374,161804
375,162239
376,162694
377,163128
378,163581
379,164048
380,164542
381,164973
382,165412
383,165846
384,166298
385,166771
386,167250
387,167704
388,168184
389,168655
390,169125
391,169583
392,170054
393,170479
394,170908
395,171332
396,171767
397,172197
398,172623
399,173050
400,173490
401,173931
402,174403
403,174854
404,175284
405,175709
406,176136
407,176568
408,176998
409,177424
410,177856
411,178297
412,178727
413,179166
414,179598
415,180024
416,180450
417,180885
418,181316
419,181744
420,182177
421,182612
422,183054
423,183493
424,183937
425,184364
426,184809
427,185233
428,185665
429,186088
430,186520
431,186951
432,187415
433,187853
434,188289
435,188732
436,189172
437,189597
438,190024
439,190454
440,190892
441,191319
442,191752
443,192176
444,192601
445,193033
446,193468
447,193912
448,194354
449,194782
450,195208
451,195669
452,196098
453,196529
454,196967
455,197411
456,197846
457,198273
458,198703
459,199133
460,199572
461,200012
462,200486
463,200924
464,201352
465,201784
466,202211
467,202642
468,203073
469,203499
470,203935
471,204384
472,204848
473,205318
474,205752
475,206188
476,206633
477,207077
478,207514
479,207940
480,208370
481,208821
482,209256
483,209690
484,210117
485,210549
486,210973
487,211442
488,211870
489,212299
490,212729
491,213158
492,213592
493,214049
494,214476
495,214907
496,215338
497,215783
498,216226
499,216657
500,217091
501,217534
502,217968
503,218396
504,218828
505,219261
506,219690
507,220116
508,220553
509,220984
510,221416
511,221842
512,222271
513,222702
514,223136
515,223566
516,223996
517,224435
518,224865
