1,433
2,859
3,1302
4,1740
5,2178
6,2628
7,3081
8,3537
9,3995
10,4438
11,4900
12,5359
13,5824
14,6305
15,6785
16,7277
17,7757
18,8223
19,8693
20,9162
21,9634
22,10099
23,10584
24,11052
25,11505
26,11972
27,12459
28,12948
29,13388
30,13854
31,14311
32,14766
33,15210
34,15657
35,16113
36,16552
37,16990
38,17426
39,17855
40,18291
41,18724
42,19160
43,19598
44,20050
45,20496
46,20929
47,21374
48,21820
49,22273
50,22728
51,23169
52,23617
53,24056
54,24495
55,24940
56,25389
57,25830
58,26264
59,26704
60,27151
61,27603
62,28048
63,28499
64,28937
65,29380
66,29807
67,30235
68,30663
69,31102
70,31534
71,31976
72,32414
73,32839
74,33265
75,33697
76,34130
77,34562
78,34988
79,35422
80,35850
81,36284
82,36723
83,37159
84,37603
85,38029
86,38453
87,38878
88,39346
89,39796
90,40239
91,40664
92,41093
93,41534
94,41970
95,42408
96,42837
97,43277
98,43710
99,44142
100,44571
101,45009
102,45440
103,45866
104,46296
105,46725
106,47154
107,47582
108,48019
109,48445
110,48874
111,49313
112,49749
113,50196
114,50630
115,51068
116,51497
117,51925
118,52356
119,52784
120,53237
121,53730
122,54183
123,54635
124,55086
125,55540
126,55987
127,56424
128,56865
129,57307
130,57755
131,58205
