1,481
2,933
3,1370
4,1813
5,2243
6,2686
7,3111
8,3540
9,3972
10,4415
11,4883
12,5321
13,5759
14,6186
15,6628
16,7062
17,7493
18,7952
19,8379
20,8813
21,9249
22,9693
23,10130
24,10559
25,10989
26,11415
27,11845
28,12267
29,12702
30,13125
31,13564
32,13992
33,14418
34,14848
35,15282
36,15740
37,16192
38,16631
39,17058
40,17481
41,17911
42,18343
43,18813
44,19238
45,19695
46,20150
47,20666
48,21122
49,21598
50,22035
51,22492
52,22946
53,23431
54,23897
55,24385
56,24829
57,25261
58,25687
59,26131
60,26574
61,27050
62,27492
63,27933
64,28404
65,28843
66,29284
67,29744
68,30171
69,30595
70,31038
71,31484
72,31935
73,32406
74,32833
75,33283
76,33735
77,34199
78,34641
79,35076
80,35519
81,35979
82,36409
83,36837
84,37265
85,37740
86,38210
87,38687
88,39141
89,39583
90,40041
91,40555
92,41013
93,41485
94,41929
95,42427
96,42889
97,43378
98,43857
99,44317
100,44771
101,45245
102,45735
103,46214
104,46663
105,47117
106,47577
107,48008
108,48449
109,48903
110,49342
111,49780
112,50223
113,50661
114,51125
115,51612
116,52077
117,52535
118,53002
119,53469
120,53942
121,54375
122,54838
123,55311
124,55759
125,56209
126,56667
127,57103
128,57547
129,57997
130,58465
131,58933
132,59438
133,59896
134,60333
135,60813
136,61278
137,61710
138,62167
139,62646
140,63085
141,63531
142,63991
143,64448
144,64901
145,65372
146,65838
147,66289
148,66785
149,67234
150,67701
151,68162
152,68626
153,69095
154,69561
155,70020
156,70494
157,70958
158,71398
159,71864
160,72350
161,72794
162,73245
163,73700
164,74181
165,74617
166,75074
167,75533
168,75987
169,76470
170,76923
171,77371
172,77832
173,78294
174,78764
175,79219
176,79651
177,80090
178,80522
179,80953
180,81399
181,81829
182,82258
183,82696
184,83171
185,83639
186,84095
187,84592
188,85059
189,85530
190,85989
191,86598
192,87031
193,87503
194,87971
195,88418
196,88851
197,89310
198,89764
199,90208
200,90644
201,91085
202,91522
203,91948
204,92397
205,92827
206,93260
207,93724
208,94155
209,94603
210,95065
211,95534
212,95984
213,96434
214,96875
215,97314
216,97745
217,98179
218,98621
219,99055
220,99514
221,99996
222,100489
223,101006
224,101524
225,101992
226,102473
227,102947
228,103419
229,103871
230,104299
231,104738
232,105191
233,105654
234,106139
235,106620
236,107089
237,107575
238,108057
239,108527
240,108955
241,109393
242,109817
243,110246
244,110680
245,111129
246,111605
247,112083
248,112555
249,113038
250,113511
251,114015
252,114478
253,114942
254,115432
255,115900
256,116345
257,116840
258,117307
259,117773
260,118258
261,118711
262,119182
263,119616
264,120059
265,120553
266,121005
267,121474
268,121933
269,122405
270,122865
271,123313
272,123753
273,124180
274,124613
275,125066
276,125537
277,126008
278,126470
279,126907
280,127347
281,127793
282,128248
283,128721
284,129190
285,129651
286,130116
287,130560
288,131005
289,131453
290,131896
291,132379
292,132827
293,133283
294,133730
295,134187
296,134631
297,135067
298,135516
299,135953
300,136420
301,136880
302,137340
303,137781
304,138227
305,138679
306,139135
307,139608
308,140050
309,140486
310,140944
311,141393
312,141827
313,142264
314,142700
315,143136
316,143569
317,144002
318,144438
319,144870
320,145310
321,145736
322,146167
323,146595
324,147030
325,147471
326,147901
327,148333
328,148760
329,149191
330,149622
331,150052
332,150490
333,150919
334,151354
335,151784
336,152217
337,152648
338,153078
339,153517
340,153946
341,154377
342,154810
343,155243
344,155687
