1,459
2,890
3,1343
4,1782
5,2206
6,2633
7,3056
8,3491
9,3917
10,4345
11,4780
12,5207
13,5692
14,6163
15,6610
16,7033
17,7459
18,7886
19,8310
20,8733
21,9167
22,9603
23,10051
24,10485
25,10913
26,11339
27,11763
28,12209
29,12642
30,13069
31,13498
32,13925
33,14361
34,14789
35,15217
36,15643
37,16067
38,16491
39,16916
40,17344
41,17768
42,18193
43,18622
44,19047
45,19476
46,19900
47,20334
48,20764
49,21209
50,21657
51,22090
52,22517
53,22948
54,23393
55,23880
56,24369
57,24822
58,25258
59,25710
60,26190
61,26647
62,27125
63,27567
64,28032
65,28538
66,28998
67,29433
68,29902
69,30336
70,30764
71,31206
72,31639
73,32076
74,32504
75,32934
76,33379
77,33826
78,34274
79,34724
80,35165
81,35593
82,36024
83,36472
84,36912
85,37368
86,37811
87,38261
88,38703
89,39148
90,39584
91,40011
92,40443
93,40873
94,41302
95,41730
96,42163
97,42598
98,43075
99,43536
100,43984
101,44465
102,44937
103,45412
104,45874
105,46330
106,46769
107,47237
108,47718
109,48191
110,48642
111,49078
112,49533
113,50008
114,50454
115,50901
116,51342
117,51780
118,52216
119,52675
120,53143
121,53628
122,54071
123,54507
124,54944
125,55392
126,55848
127,56330
128,56793
129,57246
130,57693
131,58151
132,58597
133,59037
134,59503
135,59979
136,60449
137,60924
138,61388
139,61850
140,62313
141,62750
142,63214
143,63666
144,64115
145,64550
146,64979
147,65429
148,65889
149,66356
150,66819
151,67292
152,67800
153,68250
154,68725
155,69205
156,69660
157,70118
158,70582
159,71032
160,71495
161,71955
162,72421
163,72864
164,73302
165,73747
166,74190
167,74628
168,75057
169,75501
170,75944
171,76381
172,76810
173,77245
174,77681
175,78114
176,78553
177,78990
178,79429
179,79861
180,80318
181,80763
182,81243
183,81702
184,82162
185,82626
186,83131
187,83607
188,84080
189,84519
190,84976
191,85452
192,85934
193,86386
194,86842
195,87276
196,87733
197,88170
198,88643
199,89100
200,89567
201,90038
202,90488
203,90943
204,91414
205,91852
206,92316
207,92791
208,93238
209,93709
210,94159
211,94611
212,95057
213,95518
214,95971
215,96438
216,96870
217,97317
218,97774
219,98210
220,98659
221,99123
222,99554
223,100006
224,100442
225,100874
226,101300
227,101742
228,102217
229,102674
230,103129
231,103570
232,104009
233,104469
234,104912
235,105382
236,105842
237,106301
238,106754
239,107233
240,107675
241,108119
242,108549
243,108975
244,109399
245,109820
246,110245
247,110693
248,111184
249,111661
250,112116
251,112583
252,113020
253,113506
254,113969
255,114425
256,114874
257,115347
258,115795
259,116259
260,116720
261,117187
262,117647
263,118102
264,118578
265,119017
266,119499
267,119950
268,120425
269,120920
270,121377
271,121862
272,122347
273,122819
274,123261
275,123690
276,124151
277,124591
278,125059
279,125506
280,125937
281,126363
282,126795
283,127230
284,127655
285,128081
286,128510
287,128937
288,129364
289,129792
290,130231
291,130655
292,131080
293,131512
294,131939
295,132370
296,132795
297,133229
298,133653
299,134085
300,134509
301,134933
302,135402
303,135839
304,136266
305,136695
306,137119
307,137544
308,137976
309,138414
310,138838
311,139265
312,139689
313,140120
314,140543
315,140967
316,141397
317,141823
318,142249
319,142674
320,143100
321,143528
322,143957
323,144395
324,144818
