1,467
2,965
3,1505
4,1995
5,2463
6,2913
7,3352
8,3795
9,4227
10,4702
11,5166
12,5645
13,6111
14,6561
15,7033
16,7490
17,7989
18,8471
19,8938
20,9403
21,9877
22,10333
23,10779
24,11207
25,11642
26,12078
27,12508
28,12983
29,13418
30,13849
31,14280
32,14727
33,15163
34,15594
35,16026
36,16451
37,16883
38,17314
39,17753
40,18181
41,18617
42,19066
43,19573
44,20021
45,20505
46,20983
47,21445
48,21901
49,22373
50,22801
51,23234
52,23676
53,24109
54,24533
55,24973
56,25399
57,25848
58,26275
59,26716
60,27159
61,27584
62,28015
63,28447
64,28889
65,29326
