1,453
2,883
3,1312
4,1736
5,2167
6,2592
7,3020
8,3453
9,3884
10,4314
11,4745
12,5176
13,5600
14,6028
15,6459
16,6885
17,7314
18,7739
19,8168
20,8596
21,9033
22,9471
23,9900
24,10334
25,10760
26,11206
27,11635
28,12063
29,12490
30,12916
31,13346
32,13774
33,14207
34,14635
35,15064
36,15488
37,15960
38,16431
39,16923
40,17412
41,17897
42,18352
43,18787
44,19215
45,19664
46,20122
47,20552
48,20986
49,21427
50,21890
51,22368
52,22826
53,23294
54,23720
55,24145
56,24574
57,25009
58,25448
59,25888
60,26363
61,26800
62,27232
63,27716
64,28186
65,28625
66,29054
67,29479
68,29923
69,30350
70,30781
71,31225
72,31652
73,32081
74,32557
75,33022
76,33471
77,33919
78,34376
79,34809
80,35289
81,35754
82,36236
83,36690
84,37137
85,37573
86,38036
87,38518
88,38998
89,39472
90,39910
91,40339
92,40772
93,41219
94,41660
95,42097
96,42521
97,42945
98,43372
99,43799
100,44242
101,44667
102,45094
103,45523
104,45949
105,46375
106,46800
107,47235
108,47660
109,48084
110,48507
111,48933
112,49360
113,49782
114,50211
115,50636
116,51061
117,51484
118,51910
119,52335
120,52759
121,53189
122,53612
123,54037
124,54462
125,54910
126,55363
127,55788
128,56214
129,56641
130,57066
131,57491
132,57918
133,58343
134,58767
135,59197
136,59620
137,60045
138,60468
139,60892
140,61324
141,61753
142,62182
143,62605
144,63029
145,63456
146,63878
147,64308
148,64731
149,65164
150,65589
151,66024
152,66447
153,66872
