1,434
2,863
3,1292
4,1717
5,2150
6,2582
7,3013
8,3447
9,3883
10,4311
11,4736
12,5164
13,5612
14,6044
15,6475
16,6906
17,7336
18,7764
19,8189
20,8624
21,9054
22,9481
23,9910
24,10339
25,10773
26,11201
27,11630
28,12058
29,12486
30,12912
31,13337
32,13769
33,14196
34,14633
35,15063
36,15488
37,15918
38,16344
39,16792
40,17219
41,17660
42,18086
43,18513
44,18946
45,19371
46,19803
47,20229
48,20656
49,21082
50,21507
51,21935
52,22365
53,22800
54,23231
55,23658
56,24083
57,24515
58,24940
59,25366
60,25799
61,26245
62,26724
63,27196
64,27642
65,28066
66,28492
67,28917
68,29342
69,29766
70,30193
71,30623
72,31049
73,31477
74,31901
75,32329
76,32754
77,33178
78,33606
79,34065
80,34489
81,34914
82,35341
83,35766
84,36193
85,36630
86,37061
87,37494
88,37922
89,38350
90,38787
91,39212
92,39640
93,40064
94,40488
95,40917
96,41344
97,41777
98,42202
99,42629
100,43057
101,43481
102,43906
103,44334
104,44760
105,45184
106,45647
107,46086
108,46509
109,46968
110,47451
111,47890
112,48371
113,48821
114,49280
115,49782
116,50229
117,50680
118,51118
