1,428
2,853
3,1289
4,1712
5,2138
6,2567
7,2991
8,3414
9,3839
10,4267
11,4689
12,5114
13,5541
14,5967
15,6392
16,6819
17,7250
18,7672
19,8101
20,8533
21,8959
22,9386
23,9818
24,10250
25,10675
26,11108
27,11533
28,11963
29,12396
30,12826
31,13252
32,13679
33,14104
34,14527
35,14953
36,15381
37,15808
38,16234
39,16657
40,17080
41,17504
42,17935
43,18360
44,18785
45,19209
46,19632
47,20056
48,20481
49,20905
50,21335
51,21758
52,22184
53,22610
54,23044
55,23467
56,23890
57,24316
58,24741
59,25165
60,25590
61,26017
62,26441
63,26863
64,27290
65,27718
66,28143
67,28565
68,28998
69,29422
70,29845
71,30271
72,30694
73,31117
74,31543
75,31972
76,32395
77,32820
78,33249
79,33672
80,34111
81,34537
82,34964
83,35387
84,35810
85,36234
86,36657
87,37085
88,37508
89,37933
90,38357
91,38782
92,39206
93,39629
94,40056
95,40480
96,40905
97,41331
98,41755
99,42182
100,42605
101,43034
102,43458
103,43881
104,44306
105,44729
106,45169
107,45593
108,46017
109,46440
110,46864
111,47292
112,47714
113,48143
114,48570
115,49001
116,49426
117,49853
118,50277
119,50718
120,51174
121,51614
122,52084
123,52538
124,53002
125,53464
126,53899
127,54329
128,54757
129,55187
130,55619
131,56061
132,56495
133,56930
134,57361
135,57792
136,58221
137,58645
138,59077
139,59502
140,59933
141,60359
142,60783
143,61210
144,61635
145,62064
146,62488
147,62917
148,63347
149,63772
150,64200
151,64631
152,65067
153,65497
154,65923
155,66350
156,66775
157,67219
158,67645
159,68075
160,68505
161,68934
162,69364
163,69792
164,70235
165,70661
166,71094
167,71522
168,71951
169,72377
170,72806
171,73232
172,73657
173,74088
174,74515
175,74941
176,75369
177,75801
178,76275
179,76699
180,77127
181,77554
182,78001
183,78430
184,78856
185,79286
186,79711
187,80136
188,80565
189,80996
190,81423
191,81854
192,82280
193,82708
194,83133
195,83559
196,83990
197,84428
198,84854
199,85280
200,85704
201,86136
202,86566
203,87006
204,87445
