1,490
2,970
3,1447
4,1893
5,2356
6,2815
7,3279
8,3760
9,4220
10,4684
11,5122
12,5581
13,6039
14,6491
15,6947
16,7395
17,7846
18,8307
19,8767
20,9227
21,9678
22,10135
23,10584
24,11029
25,11492
26,11922
27,12352
28,12781
29,13227
30,13672
31,14104
32,14547
33,15010
34,15461
35,15906
36,16349
37,16791
38,17228
39,17660
40,18094
41,18531
42,18973
43,19416
44,19865
45,20295
46,20735
47,21169
48,21605
49,22039
50,22484
51,22932
52,23401
53,23875
54,24346
55,24810
56,25280
57,25738
58,26185
59,26675
60,27139
61,27602
62,28036
63,28471
64,28971
65,29429
66,29869
67,30344
68,30808
