1,438
2,863
3,1287
4,1716
5,2152
6,2576
7,3012
8,3447
9,3879
10,4302
11,4728
12,5169
13,5600
14,6033
15,6457
16,6888
17,7313
18,7738
19,8169
20,8602
21,9036
22,9463
23,9886
24,10312
25,10742
26,11173
27,11604
28,12037
29,12461
30,12891
31,13319
32,13751
33,14184
34,14610
35,15034
36,15459
37,15885
38,16331
39,16759
40,17185
41,17608
42,18037
43,18470
44,18894
45,19324
46,19752
47,20177
48,20601
49,21030
50,21456
51,21882
52,22314
53,22741
54,23165
55,23602
56,24037
57,24464
58,24888
59,25322
60,25772
61,26235
62,26719
63,27169
64,27609
65,28038
66,28464
67,28887
68,29315
69,29771
70,30246
71,30697
72,31123
73,31551
74,31976
75,32406
76,32837
77,33268
78,33700
79,34124
80,34549
81,34982
82,35405
83,35834
84,36273
85,36705
86,37132
87,37560
88,37995
89,38442
90,38902
91,39338
92,39765
93,40197
94,40633
95,41067
96,41498
97,41920
98,42351
99,42787
100,43230
101,43679
102,44119
103,44545
104,44971
105,45395
106,45818
107,46246
108,46673
109,47111
110,47535
111,47959
112,48387
113,48821
114,49266
115,49703
116,50166
117,50614
118,51071
119,51533
120,51961
121,52388
122,52812
123,53239
124,53668
125,54098
126,54527
127,54954
128,55386
129,55811
130,56235
131,56659
132,57081
133,57510
134,57935
135,58366
136,58790
137,59213
138,59639
139,60079
140,60510
141,60936
142,61368
143,61796
144,62220
145,62649
146,63079
147,63511
148,63936
149,64371
150,64795
151,65219
152,65649
153,66079
154,66512
155,66941
156,67370
157,67797
158,68225
159,68653
160,69085
161,69508
162,69937
163,70360
164,70784
165,71225
166,71650
167,72078
168,72502
169,72925
170,73354
171,73781
172,74210
173,74635
174,75061
175,75485
176,75917
177,76346
178,76773
179,77203
180,77631
181,78055
182,78479
183,78903
184,79332
185,79756
186,80187
187,80615
188,81039
189,81466
190,81899
191,82339
192,82765
193,83191
194,83617
195,84044
196,84468
197,84894
198,85352
199,85802
200,86248
201,86675
202,87107
203,87533
204,87964
205,88404
206,88830
207,89262
208,89689
209,90116
210,90545
211,90978
212,91404
213,91826
214,92255
215,92680
216,93129
217,93554
218,93991
219,94420
220,94852
221,95279
222,95715
223,96151
224,96580
225,97010
226,97439
227,97864
228,98288
229,98717
230,99155
231,99583
232,100009
233,100436
234,100867
235,101294
236,101719
237,102155
238,102586
239,103014
240,103437
241,103864
242,104305
243,104734
244,105167
245,105593
246,106017
247,106441
248,106878
249,107316
250,107741
251,108171
252,108595
253,109027
254,109451
255,109879
256,110313
257,110737
258,111172
259,111598
260,112024
261,112449
262,112883
263,113314
264,113742
265,114169
266,114595
267,115039
268,115462
269,115894
270,116322
271,116748
272,117172
273,117602
274,118033
275,118457
276,118887
277,119312
278,119741
279,120167
280,120595
281,121030
282,121458
283,121885
284,122309
285,122733
286,123166
287,123593
288,124034
289,124458
290,124890
291,125319
292,125743
293,126193
294,126617
295,127044
296,127468
297,127898
298,128325
299,128754
300,129187
301,129613
302,130043
303,130470
304,130893
305,131317
306,131739
307,132188
308,132610
309,133039
310,133462
311,133885
312,134309
313,134732
314,135159
315,135584
316,136008
317,136430
318,136858
319,137287
320,137709
321,138133
322,138557
323,138982
324,139405
325,139830
326,140256
327,140683
328,141108
329,141535
330,141958
331,142379
332,142803
333,143234
334,143656
335,144078
336,144507
337,144931
338,145354
339,145777
340,146209
341,146632
342,147057
343,147481
344,147915
345,148340
346,148763
347,149187
348,149610
349,150032
350,150454
351,150881
352,151304
353,151726
354,152151
355,152575
356,152999
357,153423
358,153851
359,154277
360,154700
361,155123
362,155545
363,155969
364,156392
365,156823
366,157249
367,157672
368,158097
369,158521
370,158958
371,159382
372,159805
373,160231
374,160653
375,161076
376,161502
377,161928
378,162351
379,162776
380,163202
381,163628
382,164055
383,164476
384,164905
385,165347
386,165770
387,166197
388,166619
389,167043
390,167465
391,167893
392,168315
393,168737
394,169160
395,169583
396,170017
397,170440
398,170864
399,171287
400,171710
401,172135
402,172562
403,172990
404,173412
405,173836
406,174259
407,174681
408,175112
409,175535
410,175965
411,176392
412,176818
413,177244
414,177668
415,178093
416,178528
417,178976
418,179400
419,179849
420,180297
421,180725
422,181167
423,181611
424,182057
425,182483
426,182939
427,183382
428,183809
429,184258
430,184681
431,185107
432,185569
433,186029
434,186454
435,186884
436,187312
437,187736
438,188158
439,188580
440,189004
441,189428
442,189860
443,190284
444,190707
445,191130
446,191552
447,191988
448,192412
449,192836
450,193259
451,193682
452,194105
453,194526
454,194955
455,195380
456,195806
457,196228
458,196651
459,197076
460,197499
461,197925
462,198358
463,198782
464,199205
465,199627
466,200052
467,200479
468,200909
469,201332
470,201756
471,202180
472,202604
473,203039
474,203466
475,203891
476,204321
477,204773
478,205211
479,205654
480,206132
481,206594
482,207034
483,207488
484,207961
485,208421
486,208889
487,209362
488,209800
489,210243
490,210700
491,211130
492,211560
493,212002
494,212431
495,212860
496,213294
497,213724
498,214166
499,214595
500,215020
501,215444
502,215870
503,216306
504,216741
505,217179
506,217603
507,218035
508,218459
509,218888
510,219316
511,219745
512,220184
513,220611
514,221039
515,221464
516,221896
517,222326
518,222758
519,223192
520,223615
521,224043
522,224473
523,224917
524,225342
525,225768
526,226198
527,226627
528,227055
529,227496
530,227964
531,228406
532,228856
533,229342
534,229768
535,230195
536,230624
537,231052
538,231487
539,231921
540,232419
541,232851
542,233286
543,233731
544,234161
545,234587
546,235013
547,235445
548,235891
549,236325
550,236755
551,237188
552,237626
553,238056
554,238487
555,238921
556,239353
557,239783
558,240209
559,240633
560,241063
561,241487
562,241933
563,242363
564,242787
565,243223
566,243661
567,244120
568,244598
569,245053
570,245518
571,245974
572,246433
573,246893
574,247360
575,247814
576,248285
577,248751
578,249200
579,249640
580,250103
581,250542
582,250977
583,251402
584,251839
585,252281
586,252768
587,253234
588,253663
589,254093
590,254517
591,254947
592,255372
593,255806
594,256233
595,256658
596,257081
597,257513
