1,425
2,853
3,1283
4,1710
5,2142
6,2566
7,2992
8,3429
9,3872
10,4301
11,4729
12,5179
13,5661
14,6147
15,6596
16,7067
17,7544
18,8025
19,8494
20,8938
21,9401
22,9867
23,10331
24,10818
25,11289
26,11737
27,12193
28,12631
29,13099
30,13540
31,13996
32,14433
33,14887
34,15329
35,15771
36,16220
37,16652
38,17079
39,17521
40,17961
41,18390
42,18834
43,19280
44,19710
45,20147
46,20587
47,21021
48,21456
49,21895
50,22328
51,22757
52,23189
53,23621
54,24092
55,24527
56,24960
57,25388
58,25815
59,26249
60,26691
61,27127
62,27560
63,27994
64,28421
65,28856
66,29282
67,29741
68,30206
69,30650
70,31083
71,31515
72,31948
73,32383
74,32823
75,33254
76,33688
77,34153
78,34628
79,35113
80,35577
81,36034
82,36501
83,36965
84,37460
85,37926
86,38369
87,38824
88,39277
89,39712
90,40167
91,40646
92,41078
93,41508
94,41948
95,42385
96,42846
97,43310
98,43770
99,44206
100,44651
101,45105
102,45555
103,45996
104,46433
105,46877
106,47327
107,47770
108,48218
109,48660
110,49193
111,49648
112,50119
113,50573
114,51016
115,51460
116,51926
117,52416
118,52881
119,53316
120,53783
121,54248
122,54715
123,55175
124,55628
125,56078
126,56550
127,57034
128,57519
129,57994
130,58470
131,58930
132,59416
133,59909
134,60383
135,60874
136,61355
137,61826
138,62309
139,62800
140,63287
141,63767
142,64229
143,64692
144,65149
145,65621
146,66092
147,66553
148,67028
149,67496
150,67955
151,68439
152,68916
153,69371
154,69834
155,70296
156,70792
157,71254
158,71712
159,72172
160,72618
161,73104
162,73591
163,74052
164,74507
165,74980
166,75446
167,75913
168,76381
169,76827
170,77283
171,77770
172,78251
173,78703
174,79178
175,79636
176,80086
177,80593
178,81079
179,81543
180,82021
181,82491
182,82962
183,83415
184,83907
185,84394
186,84843
187,85293
188,85756
189,86233
190,86721
191,87201
192,87667
193,88145
194,88615
195,89087
196,89556
197,90019
198,90448
199,90913
200,91377
201,91855
202,92328
203,92797
204,93235
205,93681
206,94121
207,94603
208,95057
209,95544
210,96025
211,96478
212,96913
213,97376
214,97862
215,98322
216,98767
217,99236
218,99701
219,100173
220,100631
221,101098
222,101563
223,102025
224,102479
225,102931
226,103389
227,103855
228,104327
229,104809
230,105272
231,105736
232,106174
233,106617
234,107053
235,107507
236,107938
237,108365
238,108839
239,109290
240,109775
241,110203
242,110658
243,111120
244,111555
245,112023
246,112516
