1,438
2,860
3,1285
4,1710
5,2133
6,2568
7,2994
8,3421
9,3847
10,4269
11,4693
12,5114
13,5542
14,5967
15,6398
16,6826
17,7255
18,7692
19,8119
20,8558
21,8990
22,9421
23,9850
24,10279
25,10711
26,11147
27,11578
28,12005
29,12432
30,12855
31,13285
32,13718
33,14145
34,14571
35,14993
36,15417
37,15847
38,16278
39,16702
40,17134
41,17561
42,17992
43,18419
44,18854
45,19284
46,19711
47,20153
48,20598
49,21034
50,21455
51,21883
52,22312
53,22739
54,23162
55,23585
56,24010
57,24448
58,24873
59,25299
60,25729
61,26154
62,26579
63,27002
64,27444
65,27876
66,28304
67,28730
68,29153
69,29578
70,30001
71,30428
72,30856
73,31281
74,31706
75,32137
76,32563
77,32986
78,33425
79,33860
80,34284
81,34721
82,35143
83,35581
84,36011
85,36439
86,36875
87,37300
88,37731
89,38169
90,38603
91,39026
92,39454
93,39875
94,40302
95,40726
96,41153
97,41588
98,42017
99,42444
100,42869
101,43294
102,43718
103,44143
104,44575
105,45002
106,45427
107,45850
108,46289
109,46716
110,47140
111,47567
112,47998
113,48423
114,48852
115,49290
116,49716
117,50146
118,50580
119,51003
120,51435
121,51862
122,52292
123,52717
124,53140
125,53568
126,53994
127,54419
128,54845
129,55277
130,55701
131,56123
132,56549
133,56977
134,57414
135,57838
136,58263
137,58688
138,59110
139,59535
140,59958
141,60388
142,60818
143,61247
144,61671
145,62091
146,62517
147,62943
148,63370
149,63796
150,64231
151,64657
152,65095
153,65524
154,65956
155,66397
156,66826
157,67249
158,67672
159,68098
160,68535
161,68958
162,69385
163,69810
164,70232
165,70660
166,71085
167,71525
168,71949
169,72377
170,72798
171,73227
172,73650
173,74081
174,74529
175,74960
176,75396
177,75827
178,76256
179,76684
180,77109
181,77537
182,77964
183,78386
184,78808
185,79245
186,79673
187,80098
188,80523
189,80948
190,81372
191,81807
192,82236
193,82682
194,83115
195,83548
196,83974
197,84397
198,84822
199,85256
200,85677
201,86113
202,86536
203,86978
204,87412
205,87836
206,88267
207,88708
208,89135
209,89565
210,89989
211,90424
212,90850
213,91278
214,91701
215,92129
216,92559
217,92992
218,93438
219,93880
220,94311
221,94738
222,95162
223,95585
224,96012
225,96448
226,96906
227,97348
228,97813
229,98266
230,98699
231,99128
232,99564
233,100034
234,100494
235,100960
236,101411
237,101852
238,102307
239,102765
240,103251
241,103706
242,104155
243,104592
244,105015
245,105453
246,105916
247,106356
248,106812
249,107283
250,107752
251,108183
252,108608
253,109037
254,109462
255,109888
256,110317
257,110742
258,111169
259,111598
260,112019
261,112460
262,112883
263,113306
264,113727
265,114150
266,114575
267,115015
268,115470
269,115913
270,116366
271,116802
272,117254
273,117678
274,118117
275,118558
276,119030
277,119499
278,119981
279,120451
280,120905
281,121394
282,121855
283,122332
284,122797
285,123266
286,123698
287,124148
288,124590
289,125026
290,125450
291,125907
292,126369
293,126808
294,127235
295,127659
296,128083
297,128525
298,128979
299,129420
300,129861
301,130317
302,130776
303,131246
304,131715
305,132173
306,132612
307,133051
308,133506
309,133981
310,134488
311,134964
312,135450
313,135919
314,136387
315,136844
316,137347
317,137835
318,138316
319,138779
320,139217
321,139656
322,140110
323,140549
324,140989
325,141417
326,141855
327,142290
328,142717
329,143175
330,143650
331,144097
332,144522
333,144952
334,145397
335,145824
336,146250
337,146680
338,147108
339,147571
340,148037
341,148474
342,148902
343,149333
344,149767
345,150207
346,150641
347,151084
348,151538
349,151974
350,152408
351,152839
352,153279
353,153707
354,154149
355,154586
356,155014
357,155437
358,155861
359,156301
360,156728
361,157161
362,157586
363,158022
364,158446
365,158877
366,159313
367,159737
368,160162
369,160590
370,161024
371,161453
372,161887
373,162322
374,162755
375,163183
376,163619
377,164057
378,164494
379,164920
380,165366
381,165804
382,166235
383,166669
384,167118
385,167572
386,168033
387,168466
388,168921
389,169384
390,169818
391,170251
392,170677
393,171108
394,171542
395,171980
396,172413
397,172838
398,173289
399,173714
400,174145
401,174569
402,174995
403,175419
404,175844
405,176287
406,176722
407,177152
408,177586
409,178031
410,178476
411,178904
412,179334
413,179756
414,180189
415,180615
416,181051
417,181476
418,181904
419,182334
420,182756
421,183186
422,183612
423,184051
424,184486
425,184916
426,185349
427,185784
428,186211
429,186635
430,187071
431,187500
432,187927
433,188363
434,188796
435,189237
436,189665
437,190092
438,190515
439,190941
440,191370
441,191797
442,192286
443,192724
444,193170
445,193608
446,194036
447,194476
448,194928
449,195401
450,195856
451,196325
452,196810
453,197259
454,197692
455,198140
456,198583
457,199051
458,199491
459,199923
460,200371
461,200829
462,201264
463,201702
464,202139
465,202565
466,203000
467,203428
468,203850
469,204276
470,204707
471,205168
472,205604
473,206066
474,206502
475,206967
476,207449
477,207896
478,208365
479,208812
480,209277
481,209706
482,210165
483,210606
484,211091
485,211527
486,211985
487,212436
488,212907
489,213341
490,213779
491,214219
492,214649
493,215077
494,215501
495,215927
496,216373
497,216816
498,217272
499,217727
500,218177
501,218627
502,219090
503,219515
504,219958
505,220421
506,220861
507,221296
508,221741
509,222204
510,222640
511,223075
512,223518
513,223968
514,224415
515,224862
516,225346
517,225779
518,226227
519,226690
520,227136
521,227570
522,228002
523,228436
524,228867
525,229296
526,229725
527,230156
528,230585
529,231023
530,231450
531,231874
532,232321
533,232753
534,233199
535,233635
536,234061
537,234492
538,234924
539,235360
540,235824
541,236314
542,236765
543,237191
544,237621
545,238056
546,238494
547,238924
548,239364
549,239794
550,240219
551,240647
552,241085
553,241524
554,241978
555,242407
556,242844
557,243278
558,243709
559,244162
560,244595
561,245026
562,245480
563,245949
564,246390
565,246829
566,247290
567,247731
568,248163
569,248593
570,249018
571,249453
572,249889
573,250327
574,250759
575,251190
576,251613
577,252041
578,252478
579,252911
