1,461
2,885
3,1311
4,1749
5,2173
6,2605
7,3034
8,3484
9,3923
10,4349
11,4777
12,5201
13,5656
14,6079
15,6508
16,6932
17,7362
18,7797
19,8223
20,8663
21,9086
22,9523
23,9950
24,10386
25,10813
26,11261
27,11692
28,12117
29,12554
30,12983
31,13412
32,13841
33,14271
34,14723
35,15152
36,15577
37,16001
38,16430
39,16869
40,17297
41,17724
42,18152
43,18582
44,19006
45,19445
46,19872
47,20302
48,20731
49,21155
50,21589
51,22012
52,22450
53,22875
54,23302
55,23730
56,24153
57,24583
58,25006
59,25452
60,25880
61,26306
62,26735
63,27159
64,27603
65,28025
66,28453
67,28877
68,29304
69,29735
70,30159
71,30595
72,31018
73,31449
74,31871
75,32297
76,32726
77,33159
78,33589
79,34011
80,34446
81,34873
82,35297
83,35729
84,36161
85,36613
86,37045
87,37473
88,37897
89,38339
90,38767
91,39191
92,39619
93,40049
94,40478
95,40902
96,41332
97,41764
98,42193
99,42619
100,43046
101,43475
102,43898
103,44338
104,44762
105,45189
106,45624
107,46046
108,46479
109,46902
110,47340
111,47784
112,48211
113,48640
114,49066
115,49515
116,49937
117,50365
118,50789
119,51216
120,51645
121,52075
122,52515
123,52938
124,53370
125,53794
126,54219
127,54653
128,55085
129,55513
130,55936
131,56374
132,56804
133,57235
134,57664
135,58109
136,58546
137,58969
138,59404
139,59833
140,60261
141,60701
142,61127
143,61553
144,61978
145,62408
146,62837
147,63273
148,63704
149,64133
150,64560
151,64986
152,65415
153,65839
154,66279
155,66705
156,67130
157,67567
158,67992
159,68420
160,68843
161,69285
162,69718
163,70145
