1,455
2,933
3,1403
4,1849
5,2278
6,2706
7,3167
8,3616
9,4049
10,4499
11,4960
12,5404
13,5829
14,6261
15,6703
16,7143
17,7582
18,8030
19,8456
20,8888
21,9321
22,9750
23,10183
24,10607
25,11062
26,11493
27,11931
28,12360
29,12803
30,13230
31,13677
32,14136
33,14573
34,15008
35,15466
36,15920
37,16354
38,16791
39,17226
40,17662
41,18088
42,18517
43,18941
44,19383
45,19822
46,20249
47,20696
48,21131
49,21571
50,22022
51,22449
52,22934
53,23372
54,23803
55,24228
56,24669
57,25128
58,25601
59,26066
60,26522
61,27015
62,27466
63,27897
64,28370
65,28831
66,29303
67,29779
68,30227
69,30661
70,31147
71,31592
72,32047
73,32482
74,32980
75,33445
76,33905
77,34394
78,34833
79,35286
80,35741
81,36213
82,36635
83,37062
84,37486
85,37942
86,38368
87,38793
88,39226
89,39655
90,40092
91,40525
92,40961
93,41387
94,41823
95,42249
96,42674
97,43108
98,43546
99,43980
100,44414
101,44852
102,45284
