1,461
2,892
3,1344
4,1828
5,2300
6,2755
7,3237
8,3734
9,4217
10,4705
11,5194
12,5670
13,6175
14,6660
15,7164
16,7667
17,8131
18,8622
19,9050
20,9518
21,10051
22,10501
23,10990
24,11537
25,12030
26,12507
27,12987
28,13469
29,13961
30,14433
31,14966
32,15447
33,15978
34,16505
35,17000
36,17485
37,18014
38,18509
39,18999
40,19492
41,19986
42,20514
43,21064
44,21555
45,22042
46,22530
47,23036
48,23512
49,24028
50,24519
51,25000
52,25461
53,25929
54,26406
55,26886
56,27336
57,27802
58,28261
59,28738
60,29190
61,29642
62,30094
63,30522
64,30980
65,31408
66,31878
67,32330
68,32781
69,33239
70,33751
71,34209
72,34690
73,35138
74,35600
75,36073
76,36558
77,37038
78,37524
79,37994
80,38451
81,38912
82,39370
83,39848
84,40353
85,40820
86,41251
87,41704
88,42177
89,42750
90,43227
91,43682
92,44149
93,44605
94,45123
95,45622
96,46101
97,46570
98,47050
99,47525
100,48006
101,48498
102,48952
103,49448
104,50005
105,50555
106,51080
107,51546
108,52040
109,52546
110,52993
111,53546
112,54141
113,54657
114,55106
115,55612
116,56137
117,56629
118,57118
119,57612
120,58081
121,58540
122,59041
123,59504
124,59966
125,60429
126,60892
127,61340
128,61893
129,62379
130,62866
131,63346
132,63794
133,64263
134,64751
135,65246
136,65729
137,66190
138,66650
139,67183
140,67653
141,68112
142,68575
143,69047
144,69548
145,70017
146,70494
147,70945
148,71412
149,71894
150,72369
151,72904
152,73389
153,73874
154,74336
155,74793
156,75255
157,75745
158,76243
159,76708
160,77148
161,77580
162,78051
163,78512
164,78994
165,79471
166,79950
167,80414
168,80890
169,81385
170,81854
171,82307
172,82764
173,83218
174,83715
175,84231
176,84708
177,85177
178,85646
179,86100
180,86569
181,87081
182,87553
183,88009
184,88523
185,89038
186,89503
187,89954
188,90417
189,90887
190,91420
191,91918
