1,21
2,38
3,54
4,71
5,87
6,103
7,119
8,135
9,151
10,168
11,185
12,201
13,219
14,235
15,252
16,273
17,292
18,313
19,332
20,353
21,372
22,391
23,412
24,430
25,446
26,462
27,479
28,495
29,511
30,527
31,543
32,559
33,576
34,593
35,611
36,628
37,645
38,661
39,677
40,694
41,711
42,727
43,743
44,760
45,776
46,792
47,810
48,827
49,845
50,862
51,878
52,895
53,912
54,931
55,947
56,963
57,980
58,996
59,1012
60,1029
61,1045
62,1061
63,1078
64,1094
65,1110
66,1127
67,1143
68,1159
69,1175
70,1192
71,1208
72,1225
73,1242
74,1260
75,1278
76,1295
77,1312
78,1328
79,1344
80,1361
81,1377
82,1393
83,1410
84,1427
85,1443
86,1460
87,1476
88,1492
89,1509
90,1525
91,1542
92,1558
93,1574
94,1590
95,1607
96,1623
97,1639
98,1655
99,1671
100,1688
101,1705
102,1721
103,1738
104,1754
105,1770
106,1786
107,1803
108,1819
109,1836
110,1852
111,1869
112,1885
113,1901
114,1917
115,1933
116,1951
117,1969
118,1989
119,2010
120,2030
121,2048
122,2066
123,2085
124,2105
125,2125
126,2143
127,2162
128,2181
129,2200
130,2220
131,2240
132,2261
133,2283
134,2303
135,2321
136,2341
137,2362
138,2381
139,2400
140,2418
141,2436
142,2454
143,2473
144,2492
145,2511
146,2530
147,2548
148,2567
149,2585
150,2603
151,2620
152,2637
153,2656
154,2673
155,2691
156,2708
157,2725
158,2742
159,2759
160,2776
161,2793
162,2810
163,2826
164,2843
165,2860
166,2877
167,2895
168,2913
169,2932
170,2952
171,2971
172,2989
173,3008
174,3026
175,3047
176,3067
177,3086
178,3105
179,3124
180,3143
181,3163
182,3182
183,3200
184,3218
185,3237
186,3256
187,3276
188,3296
189,3315
190,3335
191,3353
192,3371
193,3390
194,3409
195,3427
196,3446
197,3464
198,3483
199,3501
200,3520
201,3540
202,3559
203,3579
204,3598
205,3617
206,3636
207,3654
208,3672
209,3691
210,3710
211,3727
212,3745
213,3762
214,3780
215,3797
216,3815
217,3832
218,3850
219,3867
220,3884
221,3901
222,3917
223,3934
224,3951
225,3969
226,3986
227,4003
228,4021
229,4038
230,4056
231,4073
232,4091
233,4108
234,4126
235,4143
236,4160
237,4177
238,4193
239,4211
240,4231
241,4250
242,4269
243,4288
244,4306
245,4323
246,4342
247,4361
248,4380
249,4398
250,4417
251,4436
252,4455
253,4472
254,4490
255,4507
256,4523
257,4540
258,4556
259,4573
260,4589
261,4605
262,4621
263,4637
264,4653
265,4669
266,4685
267,4701
