1,20
2,36
3,53
4,69
5,85
6,102
7,118
8,134
9,151
10,168
11,185
12,202
13,220
14,236
15,253
16,269
17,285
18,301
19,318
20,334
21,350
22,366
23,382
24,398
25,414
26,431
27,447
28,463
29,479
30,495
31,511
32,527
33,544
34,560
35,576
36,592
37,608
38,624
39,641
40,657
41,673
42,689
43,705
44,721
45,737
46,753
47,770
48,786
49,802
50,822
51,839
52,856
53,873
54,890
55,908
56,925
57,941
58,959
59,975
60,992
61,1008
62,1024
63,1040
64,1057
65,1073
66,1089
67,1105
68,1121
69,1137
70,1154
71,1170
72,1186
73,1202
74,1218
75,1234
76,1251
77,1268
78,1284
79,1300
80,1316
81,1332
82,1349
83,1367
84,1385
85,1402
86,1418
87,1434
88,1451
89,1467
90,1483
91,1500
92,1517
93,1533
94,1549
95,1566
96,1582
97,1598
98,1614
99,1630
100,1647
101,1663
102,1679
103,1698
104,1715
105,1730
106,1747
107,1763
108,1779
109,1795
110,1812
111,1828
112,1845
113,1861
114,1877
115,1893
116,1909
117,1929
118,1946
119,1962
120,1979
121,1995
122,2011
123,2028
124,2044
125,2060
126,2076
127,2096
128,2113
129,2129
130,2145
131,2161
132,2178
133,2194
134,2211
135,2227
136,2244
137,2261
138,2278
139,2295
140,2312
141,2328
142,2346
143,2363
144,2379
145,2398
146,2415
147,2432
148,2448
149,2464
150,2481
151,2499
152,2519
153,2539
154,2558
155,2576
156,2595
157,2614
158,2635
159,2655
160,2674
161,2692
162,2712
163,2729
164,2748
165,2767
166,2786
167,2804
168,2823
169,2841
170,2859
171,2877
172,2895
173,2914
174,2933
175,2952
176,2971
177,2990
178,3009
179,3028
180,3047
181,3066
182,3083
183,3101
184,3119
185,3136
186,3153
187,3170
188,3187
189,3204
190,3221
191,3238
192,3255
193,3272
194,3289
195,3306
196,3323
197,3340
198,3357
199,3376
200,3397
201,3418
202,3436
203,3454
204,3472
205,3492
206,3513
207,3532
208,3551
209,3569
210,3588
211,3607
212,3625
213,3643
214,3661
215,3681
216,3699
217,3718
218,3737
219,3756
220,3775
221,3793
222,3812
223,3831
224,3850
225,3870
226,3889
227,3908
228,3926
229,3944
230,3962
231,3979
232,3996
233,4014
234,4030
235,4047
236,4064
237,4081
238,4099
239,4116
240,4133
241,4150
242,4168
243,4185
