1,20
2,40
3,59
4,77
5,96
6,114
7,133
8,151
9,169
10,187
11,206
12,225
13,243
14,260
15,277
16,294
17,311
18,329
19,346
20,363
21,382
22,400
23,418
24,436
25,453
26,470
27,489
28,506
29,524
30,541
31,559
32,576
33,594
34,611
35,627
36,644
37,662
38,679
39,697
40,714
41,731
42,748
43,765
44,781
45,798
46,814
47,830
48,847
49,862
50,879
51,894
52,911
53,927
54,944
55,960
56,976
57,992
58,1008
59,1024
60,1040
61,1056
62,1072
63,1088
64,1104
65,1120
66,1136
67,1152
68,1168
69,1184
70,1200
71,1217
72,1233
73,1249
74,1265
75,1281
76,1297
77,1314
78,1330
79,1347
80,1362
81,1379
82,1395
83,1411
84,1427
85,1442
86,1459
87,1475
88,1492
89,1510
90,1530
91,1551
92,1569
93,1587
94,1605
95,1625
96,1644
97,1663
98,1681
99,1700
100,1718
101,1737
102,1755
103,1773
104,1791
105,1809
106,1828
107,1846
108,1864
109,1883
110,1902
111,1920
112,1939
113,1958
114,1977
115,1996
116,2015
117,2033
118,2051
119,2068
120,2085
121,2103
122,2120
123,2136
124,2153
125,2170
126,2186
127,2203
128,2220
129,2237
130,2254
131,2270
132,2287
133,2303
134,2324
135,2344
136,2363
137,2381
138,2400
139,2418
140,2438
141,2458
142,2477
143,2495
144,2513
145,2533
146,2551
147,2570
148,2588
149,2608
150,2627
151,2646
152,2664
153,2683
154,2701
155,2719
156,2739
157,2758
158,2777
159,2796
160,2815
161,2835
162,2854
163,2871
164,2889
165,2906
166,2924
167,2941
168,2958
169,2974
170,2991
171,3008
172,3025
173,3042
174,3059
175,3076
176,3093
177,3109
178,3126
179,3142
180,3159
181,3175
182,3191
183,3208
184,3224
185,3241
186,3258
187,3276
188,3294
189,3314
190,3331
191,3347
192,3364
193,3382
194,3400
195,3416
196,3432
197,3449
198,3465
199,3481
200,3498
201,3514
202,3531
203,3547
204,3564
205,3581
206,3597
207,3613
208,3630
209,3649
210,3665
211,3681
212,3697
213,3713
214,3730
215,3746
216,3762
217,3779
218,3795
219,3811
220,3827
221,3843
222,3861
223,3879
224,3895
225,3911
226,3927
227,3943
228,3960
229,3976
230,3992
231,4008
232,4024
233,4040
234,4057
235,4074
236,4090
237,4107
238,4123
239,4139
240,4155
241,4171
242,4187
243,4203
244,4220
245,4236
246,4253
247,4270
248,4286
249,4302
250,4318
251,4334
252,4352
253,4368
254,4385
255,4403
256,4421
257,4439
258,4457
259,4474
260,4494
261,4512
262,4530
263,4548
264,4565
265,4582
266,4598
267,4614
268,4631
269,4650
270,4666
271,4683
272,4700
273,4717
274,4733
275,4750
276,4766
277,4783
278,4800
279,4816
280,4832
281,4849
282,4865
283,4881
284,4899
285,4917
286,4933
287,4950
288,4966
289,4982
290,4998
291,5014
292,5030
293,5047
294,5063
295,5079
296,5095
297,5112
298,5128
299,5145
300,5161
301,5177
302,5194
303,5211
304,5227
305,5244
306,5260
307,5276
308,5292
309,5308
310,5325
311,5341
312,5357
313,5374
314,5390
315,5406
316,5423
317,5439
318,5456
319,5472
320,5489
321,5505
322,5522
323,5539
324,5555
325,5571
326,5587
327,5604
328,5620
329,5636
330,5655
331,5672
332,5688
333,5706
334,5724
335,5741
336,5757
337,5774
338,5790
339,5806
340,5822
341,5839
342,5855
343,5871
344,5888
345,5904
346,5920
347,5936
348,5952
349,5969
350,5985
351,6001
352,6018
353,6034
354,6050
355,6067
356,6083
357,6099
358,6115
359,6131
360,6147
361,6164
362,6180
363,6196
364,6212
365,6228
366,6244
367,6260
368,6276
369,6292
370,6309
371,6325
372,6340
373,6357
374,6372
375,6389
376,6405
377,6422
378,6438
379,6454
380,6470
381,6486
382,6503
383,6519
384,6535
385,6551
386,6567
387,6583
388,6599
389,6615
390,6631
391,6648
392,6666
393,6682
394,6698
395,6714
396,6730
397,6749
398,6766
399,6782
400,6798
401,6814
402,6830
403,6846
404,6862
405,6878
406,6894
407,6910
408,6926
409,6942
410,6958
411,6974
412,6990
413,7006
414,7022
415,7039
416,7055
417,7071
418,7087
419,7103
420,7119
421,7135
422,7152
423,7168
424,7184
425,7200
426,7216
427,7232
428,7248
429,7265
430,7281
431,7298
432,7314
433,7330
434,7346
435,7362
436,7378
437,7394
438,7411
439,7427
440,7443
441,7460
442,7476
443,7493
444,7509
445,7525
446,7541
447,7557
448,7573
449,7591
450,7607
451,7623
452,7639
453,7655
454,7675
455,7691
456,7707
457,7724
458,7740
459,7755
460,7771
461,7787
462,7804
463,7820
464,7836
465,7852
466,7868
467,7884
468,7900
469,7917
470,7933
471,7949
472,7965
473,7981
474,7997
475,8013
476,8029
477,8045
478,8061
479,8077
480,8093
481,8109
482,8125
483,8141
484,8157
485,8173
486,8190
487,8206
488,8221
489,8237
490,8254
491,8270
492,8286
493,8302
494,8319
495,8335
496,8351
497,8367
498,8383
499,8399
500,8415
501,8432
502,8449
503,8465
504,8480
505,8496
506,8512
507,8528
508,8545
509,8561
510,8577
511,8593
512,8609
513,8625
514,8643
515,8659
516,8675
517,8691
518,8707
519,8723
520,8739
521,8755
522,8771
523,8787
524,8804
525,8820
526,8836
527,8852
528,8868
529,8884
530,8900
531,8916
532,8932
533,8949
534,8965
535,8980
536,8997
537,9013
538,9029
539,9045
540,9061
541,9077
542,9093
543,9109
544,9125
545,9141
546,9157
547,9173
548,9190
549,9206
550,9222
551,9238
552,9254
553,9270
554,9286
555,9302
556,9318
557,9334
558,9351
559,9367
560,9385
561,9402
562,9418
563,9434
564,9450
565,9466
566,9486
567,9502
568,9518
569,9534
570,9551
571,9567
572,9583
573,9599
574,9615
575,9631
576,9647
577,9663
578,9679
579,9695
580,9711
581,9727
582,9743
583,9759
584,9776
585,9792
586,9808
587,9824
588,9840
589,9856
590,9872
591,9888
592,9904
593,9920
594,9936
595,9952
596,9968
597,9985
598,10002
599,10018
