1,18
2,35
3,53
4,71
5,89
6,108
7,126
8,144
9,163
10,180
11,198
12,216
13,233
14,251
15,269
16,286
17,304
18,321
19,339
20,356
21,373
22,390
23,407
24,425
25,442
26,459
27,475
28,492
29,509
30,526
31,543
32,560
33,577
34,596
35,615
36,633
37,651
38,671
39,690
40,708
41,729
42,748
43,767
44,786
45,804
46,823
47,841
48,860
49,879
50,897
51,918
52,938
53,956
54,975
55,994
56,1012
57,1031
58,1049
59,1067
60,1086
61,1105
62,1122
63,1139
64,1157
65,1175
66,1192
67,1210
68,1227
69,1245
70,1263
71,1280
72,1298
73,1315
74,1333
75,1351
76,1369
77,1387
78,1403
79,1420
80,1437
81,1454
82,1470
83,1487
84,1504
85,1521
86,1538
87,1554
88,1570
89,1586
90,1603
91,1619
92,1635
93,1651
94,1668
95,1684
96,1700
97,1717
98,1733
99,1750
100,1766
101,1783
102,1799
103,1818
104,1835
105,1851
106,1867
107,1884
108,1901
109,1917
110,1933
111,1949
112,1966
113,1982
114,1999
115,2016
116,2033
117,2049
118,2065
119,2082
120,2098
121,2114
122,2130
123,2147
124,2163
125,2179
126,2195
127,2211
128,2228
129,2244
130,2260
131,2278
132,2295
133,2311
134,2328
135,2346
136,2363
137,2381
138,2399
139,2416
140,2433
141,2450
142,2467
143,2484
144,2501
145,2518
146,2535
147,2552
148,2569
