1,20
2,36
3,52
4,68
5,85
6,103
7,119
8,135
9,151
10,168
11,184
12,200
13,216
14,232
15,248
16,266
17,284
18,300
19,316
20,333
21,349
22,365
23,384
24,400
25,426
26,450
27,471
28,491
29,515
30,537
31,555
32,571
33,588
34,605
35,621
36,637
37,654
38,673
39,692
40,708
41,724
42,741
43,759
44,775
45,792
46,808
47,825
48,842
49,859
50,876
51,892
52,908
53,925
54,941
55,958
56,974
57,990
58,1007
59,1023
60,1039
61,1056
62,1072
63,1088
64,1105
65,1121
66,1137
67,1153
68,1172
69,1189
70,1205
71,1222
72,1238
73,1254
74,1270
75,1288
76,1304
77,1321
78,1337
79,1353
80,1369
81,1386
82,1402
83,1419
