1,20
2,36
3,52
4,68
5,84
6,100
7,117
8,133
9,149
10,165
11,182
12,198
13,214
14,231
15,247
16,263
17,279
18,295
19,311
20,328
21,344
22,360
23,376
24,392
25,408
26,424
27,440
28,457
29,473
30,489
31,506
32,522
33,538
34,555
35,571
36,588
37,604
38,620
39,636
40,652
41,668
42,684
43,700
44,717
45,733
46,749
47,765
48,782
49,797
50,814
51,830
52,846
53,862
54,878
55,894
56,910
57,926
58,942
59,958
60,974
61,990
62,1007
63,1023
64,1039
65,1055
66,1071
67,1087
68,1103
69,1119
70,1136
71,1152
72,1168
73,1184
74,1200
75,1216
76,1232
77,1249
78,1265
79,1281
80,1297
81,1313
82,1331
83,1349
84,1365
85,1382
86,1398
87,1415
88,1431
89,1447
90,1463
91,1479
92,1498
93,1516
94,1533
95,1549
96,1566
97,1582
98,1598
99,1614
100,1630
101,1646
102,1663
103,1679
104,1695
105,1711
106,1728
107,1744
108,1760
109,1776
110,1793
111,1809
112,1826
113,1842
114,1858
115,1874
116,1891
117,1911
118,1927
119,1943
120,1959
121,1976
122,1992
123,2009
124,2025
125,2042
126,2058
127,2074
128,2091
129,2109
130,2129
131,2149
132,2167
133,2185
134,2204
135,2223
136,2243
137,2262
138,2281
139,2299
140,2319
141,2337
142,2355
143,2374
144,2392
145,2411
146,2430
147,2449
148,2467
149,2485
150,2504
151,2523
152,2542
153,2561
154,2579
155,2598
156,2617
157,2636
158,2655
159,2673
160,2691
161,2711
162,2728
163,2745
164,2763
165,2780
166,2797
167,2814
168,2831
169,2848
170,2865
171,2882
172,2899
173,2916
174,2933
175,2950
176,2967
177,2984
178,3003
179,3023
180,3042
181,3062
182,3080
183,3098
184,3118
185,3138
186,3157
187,3175
188,3195
189,3213
190,3231
191,3250
192,3268
193,3288
194,3307
195,3325
196,3342
197,3360
198,3378
199,3397
200,3415
201,3433
202,3452
203,3469
204,3486
205,3502
206,3519
207,3536
208,3553
209,3570
210,3586
211,3603
212,3620
213,3637
214,3653
215,3672
216,3690
217,3708
218,3725
219,3742
220,3760
221,3777
222,3793
223,3810
224,3826
225,3843
226,3860
227,3877
228,3894
229,3910
230,3927
231,3944
232,3961
233,3979
234,3996
235,4014
236,4031
237,4048
238,4066
239,4084
240,4102
241,4120
242,4137
243,4155
244,4172
245,4190
246,4208
247,4225
248,4243
249,4261
250,4279
251,4296
252,4313
253,4329
254,4346
255,4364
256,4382
257,4399
258,4416
259,4432
260,4450
261,4467
262,4484
263,4502
264,4520
265,4538
266,4554
267,4570
268,4587
269,4603
270,4619
271,4635
272,4652
273,4668
274,4684
275,4700
276,4716
277,4732
278,4749
279,4765
280,4785
281,4802
282,4819
283,4836
284,4852
285,4869
286,4885
287,4901
288,4917
289,4933
290,4949
291,4966
292,4982
293,4999
294,5015
295,5032
296,5049
297,5065
298,5082
299,5098
300,5115
301,5131
302,5147
303,5163
304,5179
305,5195
306,5212
307,5228
308,5244
309,5261
310,5277
311,5295
312,5311
313,5328
314,5344
315,5360
316,5377
317,5393
318,5410
319,5427
320,5443
321,5459
322,5475
323,5492
324,5508
325,5524
326,5540
327,5556
328,5573
329,5589
330,5607
331,5623
332,5639
333,5657
334,5673
335,5689
336,5706
337,5722
338,5738
339,5754
340,5770
341,5787
342,5803
343,5819
344,5835
345,5852
346,5868
347,5884
348,5900
349,5916
350,5932
351,5949
352,5968
353,5988
354,6011
355,6030
356,6048
357,6067
358,6087
359,6105
360,6123
361,6142
362,6160
363,6178
364,6196
365,6215
366,6234
367,6252
368,6271
369,6289
370,6308
371,6328
372,6347
373,6366
374,6384
375,6402
376,6419
377,6436
378,6453
379,6470
380,6487
381,6503
382,6521
383,6537
384,6554
385,6572
386,6588
387,6608
388,6628
389,6647
390,6666
391,6684
392,6704
393,6724
394,6742
395,6761
396,6780
397,6798
398,6816
399,6834
400,6853
401,6871
402,6889
403,6908
404,6927
405,6946
406,6965
407,6984
408,7002
409,7020
410,7038
411,7056
412,7073
413,7089
414,7106
415,7123
416,7140
417,7157
418,7174
419,7191
420,7209
421,7228
422,7246
423,7264
424,7281
425,7300
426,7319
427,7338
428,7356
429,7373
430,7389
431,7406
432,7422
433,7438
434,7454
435,7470
436,7487
437,7503
438,7519
439,7535
440,7551
441,7567
442,7583
443,7599
444,7615
445,7631
446,7647
447,7664
448,7680
449,7696
450,7712
451,7728
452,7745
453,7761
454,7777
455,7794
456,7811
457,7828
458,7845
459,7861
460,7877
461,7893
462,7909
463,7927
464,7945
465,7961
466,7977
467,7994
468,8010
469,8026
470,8043
471,8059
472,8075
473,8091
474,8108
475,8125
476,8141
477,8157
478,8173
479,8189
480,8206
481,8222
482,8238
483,8255
484,8271
485,8288
486,8304
487,8321
488,8337
489,8353
490,8369
491,8385
492,8405
493,8422
494,8438
495,8454
496,8473
497,8490
498,8506
499,8522
500,8539
