1,25
2,43
3,60
4,77
5,99
6,119
7,137
8,155
9,173
10,189
11,206
12,226
13,247
14,264
15,281
16,301
17,321
18,340
19,358
20,376
21,395
22,414
23,433
24,453
25,472
26,493
27,511
28,530
29,549
30,569
31,588
32,607
33,628
34,648
35,666
36,684
37,701
38,719
39,738
40,756
41,773
42,791
43,809
44,826
45,844
46,862
47,880
48,898
49,916
50,934
51,953
52,975
53,994
54,1013
55,1033
56,1050
57,1067
58,1085
59,1105
60,1128
61,1148
62,1169
63,1187
64,1205
65,1223
66,1240
67,1258
68,1275
69,1293
70,1310
71,1329
72,1347
73,1364
74,1381
75,1398
76,1416
77,1433
78,1452
79,1470
80,1488
81,1507
82,1524
83,1541
84,1559
85,1576
86,1592
87,1609
88,1626
89,1645
90,1665
91,1684
92,1703
93,1721
94,1740
95,1759
96,1778
97,1796
98,1814
99,1833
100,1851
101,1870
102,1889
103,1909
104,1929
105,1948
106,1966
107,1984
108,2003
109,2021
110,2039
111,2057
112,2076
113,2095
114,2113
115,2130
116,2147
117,2165
118,2182
119,2200
120,2218
121,2235
122,2253
123,2270
124,2288
125,2306
126,2324
127,2342
128,2359
129,2376
130,2393
131,2410
132,2427
133,2444
