1,20
2,36
3,52
4,68
5,84
6,100
7,117
8,133
9,148
10,165
11,183
12,199
13,215
14,232
15,250
16,267
17,283
18,299
19,315
20,332
21,348
22,364
23,380
24,396
25,412
26,428
27,444
28,460
29,476
30,492
31,508
32,525
33,540
34,556
35,572
36,588
37,604
38,620
39,636
40,652
41,668
42,684
43,701
44,717
45,733
46,749
47,766
48,782
49,798
50,814
51,831
52,848
53,865
54,882
55,898
56,914
57,930
58,946
59,962
60,978
61,995
62,1012
63,1029
64,1047
65,1066
66,1084
67,1101
68,1119
69,1136
70,1154
71,1171
72,1190
73,1209
74,1227
75,1244
76,1261
77,1279
78,1297
79,1314
80,1332
81,1349
82,1367
83,1385
84,1402
85,1420
86,1438
87,1456
88,1473
89,1490
90,1507
91,1524
92,1541
93,1558
94,1575
95,1592
96,1609
97,1626
98,1643
99,1660
100,1677
101,1694
102,1711
103,1728
104,1745
105,1762
106,1779
107,1796
108,1813
109,1830
110,1846
111,1863
112,1880
113,1899
114,1916
115,1934
116,1952
117,1969
118,1987
119,2005
120,2023
121,2041
122,2059
123,2076
124,2094
125,2112
126,2129
127,2148
128,2168
129,2186
130,2204
131,2221
132,2238
133,2255
134,2272
135,2289
136,2306
137,2324
138,2341
139,2357
140,2375
141,2392
142,2409
143,2426
144,2443
145,2460
146,2477
147,2494
148,2511
149,2528
150,2545
151,2562
152,2579
153,2597
154,2614
155,2631
156,2648
157,2665
158,2681
159,2699
160,2716
161,2733
162,2750
163,2767
164,2784
165,2801
166,2818
167,2835
168,2852
169,2869
170,2888
171,2906
172,2923
173,2941
174,2958
175,2975
176,2993
177,3010
178,3027
179,3044
180,3061
181,3078
182,3095
183,3113
184,3130
185,3148
186,3165
187,3182
188,3200
189,3218
190,3236
191,3253
192,3270
193,3288
194,3305
195,3323
196,3340
197,3359
198,3383
199,3402
200,3419
201,3437
202,3454
203,3472
204,3488
205,3505
206,3523
207,3540
208,3557
209,3574
210,3591
211,3608
212,3625
213,3642
214,3660
215,3677
216,3694
217,3711
218,3727
219,3744
220,3761
221,3779
222,3796
223,3814
224,3831
225,3848
226,3865
227,3884
228,3901
229,3918
230,3936
231,3953
232,3971
233,3989
234,4007
235,4025
236,4042
237,4059
238,4077
239,4097
240,4114
241,4132
242,4149
243,4166
244,4183
245,4200
246,4217
247,4234
248,4251
249,4268
250,4285
251,4302
252,4319
253,4335
254,4352
255,4369
256,4386
257,4402
258,4418
259,4434
260,4450
261,4466
262,4482
263,4499
264,4515
265,4531
266,4547
267,4564
268,4580
269,4596
270,4612
271,4629
272,4645
273,4661
274,4678
275,4694
276,4710
277,4726
278,4742
279,4758
280,4774
281,4790
282,4806
283,4823
284,4839
285,4856
286,4874
287,4892
288,4910
289,4928
290,4946
291,4963
292,4981
293,4998
294,5015
295,5033
296,5055
297,5073
298,5090
299,5107
300,5124
301,5141
302,5158
303,5175
304,5192
305,5209
306,5227
307,5247
308,5267
309,5285
310,5304
311,5322
312,5340
313,5358
314,5379
315,5397
316,5416
317,5435
318,5453
319,5471
320,5489
321,5506
322,5522
323,5539
324,5556
325,5573
326,5590
327,5606
328,5623
329,5640
330,5658
331,5676
332,5693
333,5710
334,5727
335,5745
336,5761
337,5778
338,5794
339,5811
340,5827
341,5843
342,5860
343,5876
344,5892
345,5908
346,5924
347,5940
348,5956
349,5972
350,5988
351,6008
352,6025
353,6041
354,6058
355,6074
356,6090
357,6106
358,6123
359,6139
360,6155
361,6171
362,6187
363,6203
364,6219
365,6236
366,6252
367,6268
368,6284
369,6301
370,6317
371,6333
372,6349
373,6365
