1,18
2,37
3,54
4,72
5,90
6,109
7,128
8,145
9,162
10,179
11,196
12,213
13,230
14,246
15,262
16,279
17,295
18,312
19,330
20,346
21,362
22,379
23,397
24,414
25,431
26,447
27,465
28,482
29,499
30,517
31,534
32,551
33,568
34,584
35,601
36,618
37,634
38,651
39,667
40,684
41,702
42,719
43,735
44,752
45,768
46,784
47,800
48,816
49,832
50,849
51,865
52,881
53,897
54,913
55,929
56,946
57,961
58,978
59,995
60,1011
61,1028
62,1044
63,1060
64,1076
65,1094
66,1110
67,1126
68,1143
69,1159
70,1175
71,1192
72,1211
73,1227
74,1243
75,1260
76,1276
77,1293
78,1310
79,1326
80,1343
81,1360
82,1377
83,1393
84,1409
85,1425
86,1442
87,1458
88,1474
89,1491
90,1507
91,1523
92,1540
93,1556
94,1572
95,1588
96,1604
97,1621
98,1637
99,1654
100,1670
101,1686
102,1702
103,1718
104,1735
105,1752
106,1771
107,1787
108,1803
109,1820
110,1836
111,1852
112,1869
113,1885
114,1901
115,1917
116,1933
117,1950
118,1966
119,1983
120,2000
121,2016
122,2032
123,2049
124,2066
125,2083
126,2099
127,2116
128,2132
129,2148
130,2164
131,2180
132,2197
133,2217
134,2233
135,2250
136,2266
137,2283
138,2300
139,2318
140,2335
141,2352
142,2368
143,2385
144,2403
145,2421
146,2437
147,2454
148,2471
149,2488
150,2505
151,2521
152,2538
153,2556
154,2572
155,2589
156,2606
157,2623
158,2640
159,2657
160,2673
161,2690
162,2707
163,2724
164,2740
165,2757
166,2773
167,2790
168,2807
169,2823
170,2840
171,2856
172,2872
173,2891
174,2907
175,2924
176,2940
177,2956
178,2972
179,2989
180,3005
181,3022
182,3038
183,3054
184,3070
185,3086
186,3102
187,3118
188,3134
189,3150
190,3166
191,3182
192,3198
193,3214
194,3230
195,3247
196,3263
197,3279
198,3296
199,3312
200,3329
201,3345
202,3361
203,3377
204,3393
205,3409
206,3425
207,3441
208,3457
209,3473
210,3488
211,3505
212,3521
213,3537
214,3553
215,3569
216,3585
217,3601
218,3616
219,3633
220,3649
221,3665
222,3681
223,3697
224,3713
225,3728
226,3744
227,3760
228,3776
229,3792
230,3808
231,3824
232,3839
233,3855
234,3872
235,3888
236,3904
237,3920
238,3936
239,3952
240,3968
241,3984
242,4000
243,4016
244,4032
245,4049
246,4067
247,4084
248,4102
249,4119
250,4137
251,4154
252,4172
253,4189
254,4205
255,4222
256,4239
257,4256
258,4274
259,4292
260,4310
261,4328
262,4345
263,4363
264,4381
265,4399
266,4417
267,4434
268,4450
269,4467
270,4483
271,4500
272,4516
273,4532
274,4548
275,4564
276,4580
277,4596
278,4612
279,4628
280,4644
281,4659
282,4676
283,4691
284,4707
285,4723
286,4739
287,4755
288,4771
289,4787
290,4803
291,4820
292,4836
293,4852
294,4868
295,4886
296,4902
297,4919
298,4935
299,4952
300,4968
301,4984
302,5001
303,5017
304,5036
305,5054
306,5071
307,5088
308,5106
309,5124
310,5142
311,5160
312,5177
313,5194
314,5210
315,5227
316,5244
317,5261
318,5280
319,5297
320,5315
321,5332
322,5350
323,5367
324,5385
325,5402
326,5419
327,5436
328,5453
329,5470
330,5487
331,5503
332,5520
333,5536
334,5553
335,5569
336,5585
337,5601
338,5617
339,5634
340,5650
341,5666
342,5682
343,5699
344,5715
345,5731
346,5747
347,5764
348,5781
349,5797
350,5813
351,5829
352,5845
353,5862
354,5878
355,5894
356,5910
357,5927
358,5942
359,5959
360,5975
361,5991
362,6007
363,6024
364,6040
365,6055
366,6072
367,6088
368,6104
369,6120
370,6136
371,6153
372,6169
373,6185
374,6201
375,6218
376,6234
377,6251
378,6267
379,6283
380,6299
381,6315
382,6331
383,6347
384,6363
385,6379
386,6395
387,6412
388,6428
389,6444
390,6460
391,6476
392,6492
393,6508
394,6523
395,6539
396,6556
397,6571
398,6587
399,6603
400,6619
401,6635
402,6651
403,6667
404,6683
405,6699
406,6715
407,6731
408,6747
409,6763
410,6779
411,6795
412,6811
413,6827
414,6843
415,6859
416,6875
417,6891
418,6907
419,6925
420,6941
421,6956
422,6972
423,6988
424,7004
425,7020
426,7036
427,7052
428,7068
429,7084
430,7100
431,7116
432,7132
433,7149
434,7165
435,7182
436,7199
437,7215
438,7232
439,7248
440,7265
441,7285
442,7302
443,7319
444,7335
445,7352
446,7368
447,7385
448,7401
449,7418
450,7434
451,7450
452,7466
453,7482
454,7499
455,7515
456,7531
457,7547
458,7564
459,7580
460,7596
461,7613
462,7629
463,7645
464,7662
465,7679
466,7695
467,7711
468,7728
469,7744
470,7760
471,7776
472,7792
473,7808
474,7823
475,7840
476,7855
477,7871
478,7888
479,7903
480,7919
481,7935
482,7951
483,7967
484,7983
485,7999
486,8015
487,8031
488,8047
489,8063
490,8079
491,8095
492,8111
493,8127
494,8143
495,8159
496,8175
497,8191
498,8207
499,8223
500,8239
501,8255
502,8271
503,8287
504,8303
505,8320
506,8336
507,8352
508,8368
509,8384
510,8400
511,8415
512,8431
513,8447
514,8463
515,8479
516,8495
517,8511
518,8527
519,8543
520,8559
521,8575
522,8591
523,8607
524,8623
525,8639
526,8654
527,8671
528,8686
529,8702
530,8718
531,8734
532,8750
533,8766
534,8782
535,8798
536,8814
537,8830
538,8846
539,8862
540,8879
541,8896
542,8914
543,8932
544,8950
545,8967
546,8984
547,9002
548,9019
549,9037
550,9055
551,9073
552,9090
553,9108
554,9126
555,9144
556,9162
557,9179
558,9197
559,9214
560,9232
561,9249
562,9266
563,9284
564,9302
565,9319
566,9337
567,9354
568,9371
569,9388
570,9405
571,9422
572,9438
573,9455
574,9472
575,9488
576,9505
577,9522
578,9539
579,9556
580,9573
581,9589
582,9606
583,9623
584,9640
585,9656
586,9675
587,9693
588,9710
589,9727
590,9744
591,9761
592,9780
593,9797
594,9814
595,9832
596,9849
597,9866
598,9883
599,9901
