1,20
2,36
3,52
4,70
5,89
6,106
7,124
8,142
9,159
10,175
11,191
12,207
13,223
14,239
15,256
16,272
17,288
18,304
19,326
20,343
21,359
22,375
23,392
24,409
25,426
26,445
27,463
28,479
29,498
30,522
31,539
32,559
33,576
34,593
35,609
36,627
37,644
38,666
39,684
40,702
41,721
42,739
43,756
44,774
45,793
46,811
47,829
48,847
49,865
50,883
51,901
52,919
53,937
54,955
55,973
56,991
57,1009
58,1027
59,1046
60,1064
61,1083
62,1101
63,1119
64,1137
65,1154
66,1172
67,1190
68,1209
69,1226
70,1243
71,1261
72,1280
73,1298
74,1315
75,1332
76,1350
77,1367
78,1384
79,1401
80,1418
81,1435
82,1452
83,1469
84,1488
85,1505
86,1522
87,1540
88,1558
89,1576
90,1593
91,1610
92,1627
93,1644
94,1662
95,1684
96,1701
97,1718
98,1736
99,1753
100,1771
101,1788
102,1805
103,1822
104,1839
105,1857
106,1874
107,1891
108,1908
109,1926
110,1943
111,1960
112,1978
113,1996
114,2014
115,2031
116,2049
117,2066
118,2082
119,2099
120,2116
121,2133
122,2150
123,2167
124,2184
125,2201
126,2218
127,2234
128,2252
129,2270
130,2288
131,2308
132,2327
133,2345
134,2362
135,2379
136,2398
137,2419
138,2437
139,2454
140,2471
141,2489
142,2506
143,2525
144,2543
145,2561
146,2578
147,2596
148,2614
149,2634
150,2652
151,2670
152,2688
153,2705
154,2723
155,2740
156,2757
157,2774
158,2791
159,2809
160,2826
161,2843
162,2860
163,2877
164,2894
165,2911
166,2929
167,2946
168,2964
169,2981
170,2999
171,3016
172,3033
173,3050
174,3067
175,3084
176,3100
177,3117
178,3133
179,3150
180,3166
181,3183
182,3199
183,3216
184,3235
185,3254
186,3272
187,3289
188,3305
189,3324
190,3342
191,3359
192,3376
193,3392
194,3408
195,3424
196,3441
197,3457
198,3474
199,3491
200,3508
201,3524
202,3540
203,3556
204,3573
205,3590
206,3606
207,3622
208,3639
209,3655
210,3671
211,3688
