1,17
2,34
3,51
4,68
5,85
6,103
7,123
8,139
9,156
10,172
11,189
12,206
13,224
14,242
15,259
16,275
17,291
18,308
19,324
20,340
21,357
22,373
23,390
24,406
25,422
26,439
27,455
28,471
29,487
30,504
31,520
32,537
33,553
34,570
35,587
36,603
37,620
38,636
39,652
40,668
41,688
42,705
43,722
44,739
45,755
46,772
47,789
48,805
49,822
50,838
51,855
52,872
53,888
54,905
55,921
56,938
57,954
58,970
59,986
60,1004
61,1021
62,1040
63,1057
64,1074
65,1091
66,1108
67,1148
68,1198
69,1230
70,1259
71,1288
72,1317
73,1346
74,1374
75,1402
76,1430
77,1459
78,1487
79,1517
80,1545
81,1573
82,1603
83,1669
84,1704
85,1736
86,1765
87,1796
88,1825
89,1853
90,1882
91,1910
92,1939
93,1968
94,1997
95,2025
96,2055
97,2084
98,2113
