1,18
2,37
3,55
4,74
5,92
6,111
7,130
8,149
9,168
10,186
11,204
12,224
13,242
14,261
15,279
16,298
17,316
18,334
19,353
20,371
21,389
22,408
23,426
24,445
25,464
26,483
27,501
28,518
29,535
30,553
31,570
32,588
33,605
34,622
35,639
36,656
37,673
38,690
39,708
40,725
41,742
42,759
43,776
44,793
45,810
46,826
47,843
48,861
49,879
50,899
51,915
52,932
53,949
54,966
55,982
56,998
57,1015
58,1031
59,1047
60,1063
61,1080
62,1096
63,1113
64,1129
65,1145
66,1161
67,1177
68,1193
69,1209
70,1225
71,1242
72,1258
73,1274
74,1291
75,1307
76,1323
77,1339
78,1355
79,1372
80,1388
81,1403
82,1420
83,1436
84,1452
85,1468
86,1484
87,1500
88,1516
89,1532
90,1549
91,1565
92,1581
93,1597
94,1613
95,1629
96,1645
97,1662
98,1678
99,1694
100,1711
101,1727
102,1743
103,1759
104,1775
105,1791
106,1807
107,1824
108,1842
109,1860
110,1877
111,1893
112,1909
113,1926
114,1943
115,1959
116,1975
117,1991
118,2008
119,2023
120,2039
121,2056
122,2072
123,2089
124,2105
125,2121
126,2137
127,2153
128,2169
129,2185
130,2201
131,2217
132,2233
133,2249
134,2265
135,2281
136,2299
137,2319
138,2337
139,2355
140,2374
141,2392
142,2409
143,2426
144,2443
145,2461
146,2480
147,2498
148,2516
149,2534
150,2553
151,2571
152,2588
153,2605
154,2622
155,2638
156,2655
157,2671
158,2687
159,2703
160,2719
161,2735
162,2751
163,2767
164,2783
165,2799
166,2816
167,2832
168,2849
169,2866
170,2882
171,2898
172,2914
173,2931
174,2947
175,2963
176,2979
177,2995
178,3012
179,3028
180,3044
181,3060
182,3076
183,3092
184,3108
185,3125
186,3141
187,3157
188,3173
189,3190
190,3206
191,3222
192,3238
193,3254
194,3270
195,3286
196,3302
197,3318
198,3334
199,3351
200,3367
201,3383
202,3399
203,3415
204,3431
205,3447
206,3463
207,3479
208,3495
209,3511
210,3527
211,3544
212,3560
213,3576
214,3592
215,3609
216,3625
217,3641
218,3657
219,3673
220,3689
221,3705
222,3721
223,3738
224,3754
225,3771
226,3787
227,3804
228,3820
229,3836
230,3852
231,3868
232,3884
233,3900
234,3916
235,3932
236,3948
237,3964
238,3981
239,3997
240,4013
241,4029
242,4045
243,4061
244,4077
245,4093
246,4109
247,4125
248,4141
249,4160
250,4176
251,4193
252,4209
253,4225
254,4241
255,4257
256,4273
