1,20
2,37
3,53
4,69
5,85
6,101
7,117
8,133
9,149
10,165
11,181
12,197
13,213
14,229
15,245
16,261
17,278
18,294
19,310
20,326
21,342
22,358
23,374
24,390
25,406
26,422
27,438
28,454
29,470
30,486
31,502
32,518
33,535
34,551
35,567
36,583
37,599
38,615
39,632
40,649
41,666
42,684
43,702
44,720
45,737
46,754
47,772
48,790
49,808
50,826
51,844
52,861
53,878
54,896
55,914
56,932
57,949
58,967
59,985
60,1003
61,1020
62,1039
63,1057
64,1075
65,1092
66,1110
67,1127
68,1145
69,1162
70,1179
71,1197
72,1214
73,1231
74,1249
75,1266
76,1283
77,1301
78,1318
79,1335
80,1353
81,1370
82,1388
83,1405
84,1422
85,1439
86,1456
87,1473
88,1490
89,1507
90,1524
91,1541
92,1558
93,1575
94,1592
95,1609
96,1626
97,1643
98,1660
99,1676
100,1693
101,1710
102,1727
103,1743
104,1760
105,1777
106,1795
107,1812
108,1830
109,1846
110,1863
111,1880
112,1897
113,1914
114,1931
115,1948
116,1965
117,1982
118,1999
119,2017
120,2036
121,2053
122,2071
123,2088
124,2106
125,2123
126,2140
127,2158
128,2176
129,2194
130,2212
131,2230
132,2248
133,2265
134,2283
135,2301
136,2320
137,2339
138,2357
139,2375
140,2392
141,2409
142,2426
143,2444
144,2463
145,2482
146,2499
147,2516
148,2534
149,2552
150,2570
151,2587
152,2605
153,2622
154,2639
155,2656
156,2674
157,2691
158,2708
159,2725
160,2742
161,2759
162,2776
163,2795
164,2812
165,2830
166,2847
167,2864
168,2881
169,2898
170,2915
171,2932
172,2949
173,2966
174,2983
175,3000
176,3017
177,3033
178,3050
179,3067
180,3084
181,3101
182,3118
183,3134
184,3152
185,3169
186,3185
187,3203
188,3220
189,3238
190,3256
191,3274
192,3291
193,3309
194,3326
195,3343
196,3361
197,3378
198,3395
199,3412
200,3429
201,3446
202,3463
203,3480
204,3497
205,3514
206,3531
207,3548
208,3566
209,3583
210,3600
211,3618
212,3635
213,3652
214,3669
215,3686
216,3704
217,3721
218,3739
219,3756
220,3773
221,3791
222,3808
223,3825
224,3842
225,3860
226,3877
227,3894
228,3911
229,3929
230,3947
231,3965
232,3982
233,3999
234,4017
235,4037
236,4056
237,4073
238,4091
239,4108
240,4126
241,4143
242,4160
243,4177
244,4193
245,4210
246,4227
247,4244
248,4261
249,4278
250,4296
251,4313
252,4330
253,4347
254,4364
255,4381
256,4398
257,4415
258,4433
259,4450
260,4467
261,4484
262,4501
263,4518
264,4535
265,4552
266,4569
267,4586
268,4603
269,4620
270,4637
271,4654
272,4671
273,4688
274,4706
275,4722
276,4740
277,4758
278,4776
279,4794
280,4812
281,4832
282,4849
283,4867
284,4886
285,4903
286,4920
287,4937
288,4954
289,4971
290,4988
291,5004
292,5021
293,5037
294,5054
295,5073
296,5091
297,5108
298,5125
299,5143
300,5161
301,5178
302,5195
303,5213
304,5231
305,5248
306,5265
307,5282
308,5299
309,5317
310,5334
311,5351
312,5368
313,5385
314,5402
315,5420
316,5437
317,5455
318,5474
319,5491
320,5508
321,5525
322,5543
323,5562
324,5579
325,5599
326,5617
327,5634
328,5652
329,5669
330,5686
331,5705
332,5723
333,5740
334,5757
335,5774
336,5794
337,5811
338,5830
339,5849
340,5868
341,5888
342,5904
343,5921
344,5937
345,5953
346,5969
347,5985
348,6001
349,6017
350,6033
351,6049
352,6065
353,6084
354,6101
355,6118
356,6134
357,6150
358,6166
359,6182
360,6198
361,6214
362,6230
363,6246
364,6262
365,6278
366,6294
367,6310
368,6326
369,6343
370,6359
371,6375
372,6392
373,6408
374,6424
375,6440
376,6457
377,6473
378,6489
379,6505
380,6521
381,6537
382,6554
383,6570
384,6586
385,6605
386,6622
387,6638
388,6654
389,6671
390,6688
391,6704
392,6720
393,6736
394,6753
395,6774
396,6790
397,6807
398,6823
399,6839
400,6856
401,6872
402,6888
403,6904
404,6921
405,6940
406,6957
407,6975
408,6993
409,7010
410,7026
411,7042
412,7059
413,7076
414,7093
415,7109
416,7125
417,7141
418,7158
419,7174
420,7190
421,7206
422,7222
423,7239
424,7255
425,7271
426,7291
427,7308
428,7324
429,7340
430,7356
431,7373
432,7391
433,7407
434,7425
435,7444
436,7461
437,7478
438,7496
439,7514
440,7531
441,7549
442,7567
443,7585
444,7603
445,7620
446,7638
447,7656
448,7674
449,7691
450,7708
451,7726
452,7745
453,7762
454,7780
455,7797
456,7815
457,7832
458,7849
459,7867
460,7884
461,7902
462,7920
463,7938
464,7955
465,7972
466,7989
467,8006
468,8023
469,8040
470,8056
471,8073
472,8090
473,8107
474,8124
475,8141
476,8158
477,8175
478,8191
479,8209
480,8227
481,8244
482,8262
483,8280
484,8298
485,8315
486,8333
487,8351
488,8368
489,8385
490,8403
491,8420
492,8438
493,8455
494,8473
495,8490
496,8508
497,8526
498,8544
499,8562
500,8580
501,8598
502,8615
503,8634
504,8652
505,8669
506,8686
507,8703
508,8720
509,8737
510,8754
511,8771
512,8788
513,8806
514,8822
515,8839
516,8856
517,8873
518,8889
519,8906
520,8923
521,8940
522,8956
523,8973
524,8989
525,9005
526,9021
527,9037
528,9053
529,9070
530,9086
531,9102
532,9118
533,9134
534,9150
535,9166
536,9182
537,9199
538,9215
539,9231
540,9247
541,9263
542,9280
543,9296
544,9312
545,9328
546,9344
547,9360
548,9377
549,9392
550,9408
551,9425
552,9440
553,9456
554,9473
555,9489
556,9505
557,9521
558,9537
559,9553
560,9569
561,9585
562,9601
563,9617
564,9633
565,9649
566,9665
567,9681
568,9696
569,9712
570,9729
571,9745
572,9761
