1,19
2,37
3,57
4,75
5,93
6,111
7,130
8,149
9,167
10,186
11,204
12,222
13,240
14,259
15,278
16,297
17,316
18,333
19,351
20,368
21,385
22,403
23,420
24,437
25,455
26,472
27,488
28,505
29,522
30,541
31,558
32,575
33,594
34,612
35,630
36,647
37,668
38,686
39,704
40,721
41,739
42,756
43,773
44,791
45,811
46,832
47,850
48,868
49,887
50,906
51,928
52,945
53,961
54,978
55,994
56,1010
57,1028
58,1046
59,1062
60,1079
61,1095
62,1112
63,1129
64,1146
65,1162
66,1182
67,1198
68,1215
69,1231
70,1248
71,1267
72,1286
73,1303
74,1320
75,1336
76,1354
77,1370
78,1387
79,1403
80,1420
81,1436
82,1452
83,1469
84,1485
85,1501
86,1517
87,1533
88,1549
89,1565
90,1581
91,1597
92,1613
93,1630
94,1648
95,1665
96,1685
97,1703
98,1721
99,1738
100,1756
101,1775
102,1795
103,1814
104,1833
105,1851
106,1870
107,1890
108,1910
109,1929
110,1947
111,1965
112,1983
113,2003
114,2022
115,2040
116,2059
117,2077
118,2095
119,2113
120,2131
121,2150
122,2168
123,2186
124,2203
125,2220
126,2238
127,2255
128,2271
129,2289
130,2306
131,2323
132,2341
133,2358
134,2376
135,2393
136,2413
137,2431
138,2448
139,2465
140,2482
141,2499
142,2516
143,2532
144,2549
145,2565
146,2581
147,2598
148,2616
149,2634
150,2650
151,2667
152,2683
153,2700
154,2718
155,2736
156,2753
157,2770
158,2787
159,2805
160,2823
161,2842
162,2863
163,2883
164,2902
165,2920
166,2938
167,2957
168,2977
169,2996
170,3014
171,3033
172,3052
173,3071
174,3089
175,3106
176,3124
177,3142
178,3160
179,3178
180,3195
181,3212
182,3228
183,3245
184,3263
185,3281
186,3298
187,3316
188,3333
189,3351
190,3369
191,3387
192,3405
193,3423
194,3442
195,3461
196,3479
197,3498
198,3515
199,3532
200,3549
201,3567
202,3584
203,3601
204,3619
205,3636
206,3655
207,3676
208,3696
209,3714
210,3732
211,3749
212,3768
213,3786
214,3805
215,3823
216,3840
217,3858
218,3879
219,3898
220,3917
221,3937
222,3955
223,3975
224,3994
225,4012
226,4030
227,4047
228,4065
229,4082
230,4100
231,4120
232,4139
233,4157
234,4176
235,4195
236,4213
237,4231
238,4251
239,4269
240,4289
241,4306
242,4323
243,4341
244,4359
245,4379
246,4399
247,4418
248,4436
249,4454
250,4472
251,4491
252,4509
253,4529
254,4548
255,4567
256,4586
257,4603
258,4620
259,4637
260,4655
261,4673
262,4691
263,4709
264,4727
265,4745
266,4763
267,4781
268,4799
269,4817
270,4835
271,4853
272,4869
273,4886
274,4903
275,4920
276,4937
277,4954
278,4971
279,4988
280,5005
281,5025
282,5042
283,5058
284,5074
285,5091
286,5107
287,5124
288,5140
289,5158
290,5175
291,5192
292,5213
293,5230
294,5247
295,5264
296,5281
297,5297
298,5314
299,5330
300,5346
301,5362
302,5378
303,5394
304,5410
305,5427
306,5443
307,5459
308,5475
309,5491
310,5507
311,5523
312,5539
313,5556
314,5572
315,5588
316,5604
317,5620
318,5637
319,5653
320,5669
321,5685
322,5701
323,5717
324,5734
325,5749
326,5765
327,5782
328,5798
329,5814
330,5830
331,5846
332,5862
333,5879
334,5897
335,5914
336,5931
337,5947
338,5963
339,5979
340,5995
341,6012
342,6028
343,6044
344,6060
345,6076
346,6092
347,6108
348,6124
349,6140
350,6158
351,6176
352,6193
353,6209
354,6225
355,6242
356,6258
357,6274
358,6290
359,6306
360,6321
361,6338
362,6354
363,6370
364,6386
365,6403
366,6419
367,6435
368,6451
369,6467
370,6484
371,6500
372,6516
373,6532
374,6548
375,6564
376,6580
377,6596
378,6613
379,6629
380,6645
381,6661
382,6677
383,6694
384,6710
385,6726
386,6742
387,6757
388,6774
389,6790
390,6806
391,6822
392,6838
393,6853
394,6870
395,6886
396,6902
397,6918
398,6934
399,6950
400,6966
401,6982
402,6999
403,7015
404,7031
405,7047
406,7063
407,7079
408,7095
409,7111
410,7127
411,7144
412,7160
413,7177
414,7194
415,7211
416,7228
417,7244
418,7260
419,7277
420,7293
421,7309
422,7325
423,7342
424,7358
425,7374
426,7390
427,7406
428,7422
429,7438
430,7454
431,7472
432,7489
433,7507
434,7523
435,7543
436,7560
437,7577
438,7594
439,7610
440,7626
441,7642
442,7657
443,7674
444,7691
445,7708
446,7724
447,7741
448,7758
449,7777
450,7793
451,7809
452,7825
453,7841
454,7859
455,7876
456,7892
457,7908
458,7924
459,7940
460,7956
461,7972
462,7988
463,8004
464,8021
465,8038
466,8056
467,8073
468,8089
469,8105
470,8122
471,8139
472,8156
473,8172
474,8190
475,8206
476,8222
477,8239
478,8258
479,8275
480,8291
481,8307
482,8323
483,8343
484,8360
485,8376
486,8392
487,8408
488,8424
489,8440
490,8456
491,8473
492,8489
493,8505
494,8521
495,8538
496,8554
497,8571
498,8587
499,8603
500,8619
501,8635
502,8651
503,8667
504,8683
505,8699
506,8715
507,8735
508,8752
509,8770
510,8791
511,8809
512,8826
513,8844
514,8864
515,8883
516,8900
517,8917
518,8933
519,8952
520,8970
521,8986
522,9002
523,9018
524,9034
525,9050
526,9066
527,9083
528,9102
529,9119
530,9137
531,9153
532,9171
533,9188
534,9204
535,9221
536,9238
537,9254
538,9270
539,9287
540,9303
541,9319
542,9335
543,9351
544,9367
545,9383
546,9399
547,9415
548,9434
549,9453
550,9470
551,9488
552,9511
553,9531
554,9550
555,9569
556,9587
557,9607
558,9627
559,9646
560,9665
561,9682
562,9701
563,9719
564,9738
565,9755
566,9774
567,9793
568,9811
569,9831
570,9850
571,9870
572,9889
573,9909
574,9927
575,9945
576,9962
577,9981
578,9998
579,10015
580,10032
581,10049
582,10067
583,10084
584,10101
585,10118
586,10135
587,10151
588,10168
589,10189
590,10210
591,10230
592,10249
593,10267
594,10287
595,10307
596,10326
597,10344
598,10362
599,10380
