1,20
2,36
3,51
4,67
5,83
6,99
7,115
8,131
9,147
10,163
11,179
12,195
13,211
14,227
15,243
16,259
17,275
18,292
19,309
20,325
21,341
22,358
23,373
24,390
25,406
26,421
27,437
28,453
29,469
30,485
31,501
32,518
33,535
34,552
35,569
36,585
37,601
38,617
39,633
40,649
41,666
42,682
43,698
44,714
45,730
46,746
47,762
48,778
49,794
50,810
51,826
52,842
53,858
54,874
55,890
56,906
57,922
58,937
59,954
60,970
61,986
62,1002
63,1018
64,1034
65,1050
66,1069
67,1085
68,1101
69,1117
70,1135
71,1152
72,1168
73,1184
74,1200
75,1216
76,1232
77,1248
78,1264
79,1280
80,1295
81,1312
82,1328
83,1344
84,1360
85,1376
86,1392
87,1408
88,1424
89,1440
90,1456
91,1472
92,1488
93,1504
94,1519
95,1536
96,1551
97,1567
98,1584
99,1600
100,1616
101,1633
102,1649
103,1665
104,1681
105,1697
106,1713
107,1729
108,1747
109,1763
110,1779
111,1795
112,1811
113,1827
114,1843
115,1859
116,1875
117,1896
118,1913
119,1929
120,1945
121,1962
122,1979
123,1995
124,2012
125,2028
126,2044
127,2060
128,2077
129,2093
130,2110
131,2127
132,2143
133,2159
134,2175
135,2191
136,2207
137,2223
138,2239
139,2255
140,2272
141,2287
142,2304
143,2319
144,2335
145,2352
146,2367
147,2383
148,2399
149,2415
150,2431
151,2447
152,2463
153,2479
154,2495
155,2511
156,2527
157,2543
158,2559
159,2575
160,2591
161,2607
162,2623
163,2639
164,2655
165,2671
166,2688
167,2704
168,2720
169,2736
170,2753
171,2768
172,2784
173,2800
174,2816
175,2832
176,2848
177,2865
178,2882
179,2900
180,2919
181,2936
182,2953
183,2971
184,2988
185,3006
186,3023
187,3041
188,3058
189,3077
190,3094
191,3111
192,3129
193,3147
194,3164
195,3181
196,3199
197,3216
198,3233
199,3250
200,3267
201,3284
202,3301
203,3318
204,3335
205,3351
206,3368
207,3385
208,3402
209,3418
210,3435
211,3452
212,3469
213,3485
214,3504
215,3524
216,3542
217,3560
218,3577
219,3595
220,3612
221,3630
222,3647
223,3665
224,3682
225,3700
226,3717
227,3734
228,3751
229,3770
230,3787
231,3805
232,3823
233,3840
234,3857
235,3874
236,3891
237,3907
238,3925
239,3941
240,3958
241,3975
242,3991
243,4008
244,4025
245,4041
246,4058
247,4074
248,4091
249,4107
250,4124
251,4140
252,4156
253,4175
254,4191
255,4208
256,4225
257,4241
258,4258
259,4274
260,4291
261,4308
262,4325
263,4342
264,4359
265,4376
266,4393
267,4410
268,4427
269,4444
270,4460
271,4478
272,4494
273,4511
274,4528
275,4545
276,4564
277,4582
278,4600
279,4617
280,4634
281,4650
282,4667
283,4684
284,4700
285,4717
286,4734
287,4751
288,4768
289,4785
290,4803
291,4822
292,4839
293,4857
294,4874
295,4892
296,4909
297,4926
298,4943
299,4961
300,4978
301,4997
302,5014
303,5031
304,5049
305,5066
306,5084
307,5101
308,5119
309,5136
310,5154
311,5171
312,5190
313,5207
314,5224
315,5241
316,5258
317,5276
318,5293
319,5310
320,5328
321,5345
322,5362
323,5380
324,5398
325,5415
326,5432
327,5449
328,5466
329,5483
330,5500
331,5517
332,5534
333,5551
334,5568
335,5584
336,5602
337,5620
338,5638
339,5656
340,5674
341,5691
342,5708
343,5727
344,5745
345,5763
346,5780
347,5798
348,5816
349,5833
350,5851
351,5868
352,5886
353,5903
354,5921
355,5938
356,5956
357,5973
358,5991
359,6010
360,6028
361,6046
362,6064
363,6081
364,6099
365,6116
366,6133
367,6150
368,6167
369,6184
370,6201
371,6218
372,6235
373,6251
374,6268
375,6284
376,6301
377,6318
378,6335
379,6352
380,6369
381,6386
382,6402
383,6423
384,6447
385,6471
386,6488
387,6506
388,6524
389,6541
390,6559
391,6575
392,6593
393,6610
394,6626
395,6642
396,6658
397,6674
398,6690
399,6706
400,6722
401,6739
402,6756
403,6775
404,6795
405,6812
406,6831
407,6849
408,6868
409,6888
410,6905
411,6923
412,6940
413,6958
414,6975
415,6992
416,7009
417,7026
418,7042
419,7060
420,7076
421,7093
422,7110
423,7127
424,7144
425,7161
426,7179
427,7197
428,7215
429,7232
430,7250
431,7267
432,7285
433,7303
434,7320
435,7338
436,7355
437,7373
438,7389
439,7406
440,7423
441,7441
442,7458
443,7474
444,7492
445,7509
446,7526
447,7542
448,7559
449,7576
450,7593
451,7610
452,7628
453,7645
454,7661
455,7677
456,7694
457,7711
458,7729
459,7747
460,7765
461,7783
462,7800
463,7817
464,7834
465,7851
466,7869
467,7886
468,7903
469,7920
470,7937
471,7954
472,7972
473,7989
474,8007
475,8025
476,8042
477,8059
478,8076
479,8094
480,8111
481,8127
482,8144
483,8160
484,8176
485,8193
486,8208
487,8224
488,8240
489,8256
490,8272
491,8289
492,8305
493,8320
494,8336
495,8353
496,8368
497,8384
498,8400
499,8416
500,8432
501,8449
502,8465
503,8481
504,8497
505,8513
506,8529
507,8545
508,8561
509,8577
510,8593
511,8609
512,8625
513,8640
514,8657
515,8672
516,8688
517,8704
518,8720
519,8736
520,8752
521,8769
522,8785
523,8801
524,8817
525,8833
526,8849
527,8865
528,8881
529,8897
530,8913
531,8929
532,8945
533,8961
534,8977
535,8993
536,9010
537,9026
538,9042
539,9058
540,9073
541,9090
542,9106
543,9122
544,9138
545,9154
546,9170
547,9186
548,9202
549,9218
550,9234
551,9250
552,9266
553,9282
554,9298
555,9313
556,9330
557,9345
558,9361
559,9377
560,9393
561,9409
562,9426
563,9442
564,9458
565,9474
566,9490
567,9506
568,9522
569,9538
570,9554
571,9570
572,9586
573,9602
574,9618
575,9635
576,9652
577,9669
578,9687
579,9705
580,9722
581,9739
582,9756
583,9773
584,9792
585,9809
586,9826
587,9844
588,9861
589,9878
590,9896
591,9914
592,9931
593,9950
594,9967
595,9985
596,10002
597,10019
598,10036
599,10053
