1,18
2,35
3,56
4,74
5,92
6,109
7,126
8,143
9,160
10,177
11,194
12,214
13,234
14,252
15,271
16,289
17,308
18,328
19,348
20,367
21,385
22,403
23,422
24,441
25,459
26,479
27,499
28,518
29,537
30,557
31,577
32,596
33,614
34,633
35,652
36,670
37,688
38,705
39,724
40,742
41,760
42,778
43,796
44,815
45,832
46,850
47,867
48,884
49,900
50,917
51,934
52,951
53,967
54,984
55,1001
56,1018
57,1035
58,1051
59,1068
60,1086
61,1105
62,1122
63,1140
64,1157
65,1175
66,1193
67,1210
68,1230
69,1247
70,1264
71,1283
72,1301
73,1319
74,1336
75,1354
76,1372
77,1390
78,1409
79,1427
80,1446
81,1464
82,1482
83,1499
84,1517
85,1535
86,1555
87,1573
88,1592
89,1610
90,1630
91,1648
92,1666
93,1684
94,1702
95,1719
96,1737
97,1754
98,1772
99,1789
100,1807
101,1824
102,1841
103,1858
104,1874
105,1891
106,1908
107,1925
108,1942
109,1959
110,1976
111,1994
112,2011
113,2030
114,2047
115,2065
116,2083
117,2100
118,2118
119,2135
120,2152
121,2168
122,2185
123,2202
124,2219
125,2235
126,2254
127,2272
128,2292
129,2313
130,2331
131,2350
132,2369
133,2389
134,2407
135,2425
136,2444
137,2464
138,2483
139,2501
140,2519
141,2538
142,2556
143,2575
144,2594
145,2612
146,2630
147,2649
148,2668
149,2686
150,2704
151,2723
152,2743
153,2761
154,2780
155,2798
156,2817
157,2836
