1,18
2,35
3,51
4,68
5,84
6,100
7,117
8,133
9,150
10,166
11,183
12,200
13,221
14,240
15,257
16,274
17,290
18,306
19,322
20,338
21,355
22,372
23,388
24,404
25,420
26,436
27,453
28,469
29,486
30,502
31,518
32,534
33,550
34,567
35,584
36,600
37,617
38,633
39,649
40,665
41,681
42,697
43,713
44,729
45,745
46,762
47,777
48,793
49,810
50,825
51,841
52,858
53,874
54,890
55,905
56,921
57,938
58,954
59,970
60,986
61,1002
62,1018
63,1034
64,1050
65,1066
66,1082
67,1098
68,1114
69,1130
70,1146
71,1163
72,1184
73,1202
74,1219
75,1237
76,1253
77,1270
78,1286
79,1302
80,1318
81,1335
82,1350
83,1367
84,1383
85,1398
86,1415
87,1433
88,1449
89,1465
90,1482
91,1498
92,1514
93,1530
94,1546
95,1562
96,1578
97,1597
98,1616
99,1633
100,1653
101,1669
102,1685
103,1701
104,1718
105,1734
106,1752
107,1771
108,1788
109,1806
110,1824
111,1842
112,1859
113,1876
114,1892
115,1909
116,1926
117,1942
118,1958
119,1975
120,1991
121,2008
122,2025
123,2041
124,2057
125,2074
126,2091
127,2107
128,2123
129,2141
130,2159
131,2176
132,2193
133,2209
134,2225
135,2242
136,2258
137,2274
138,2290
139,2305
140,2322
141,2338
142,2354
143,2370
144,2388
145,2405
146,2426
147,2445
148,2461
149,2478
150,2495
151,2512
152,2532
153,2550
154,2567
155,2585
156,2603
157,2620
158,2638
159,2655
160,2674
161,2691
162,2708
163,2724
164,2741
165,2758
166,2775
167,2793
168,2810
169,2826
170,2842
171,2858
172,2875
173,2891
174,2907
175,2924
176,2941
177,2957
178,2973
179,2989
180,3005
181,3021
182,3038
183,3054
184,3070
185,3089
186,3106
187,3125
188,3143
189,3160
190,3176
191,3192
192,3209
193,3225
194,3241
195,3257
196,3273
197,3289
198,3305
199,3322
200,3339
201,3355
202,3372
203,3391
204,3408
205,3426
206,3443
207,3462
208,3480
209,3499
210,3517
211,3540
212,3557
213,3575
214,3592
215,3608
216,3625
217,3642
218,3659
219,3676
220,3693
221,3713
222,3733
223,3752
224,3771
225,3789
226,3807
227,3827
228,3848
229,3866
230,3885
231,3903
232,3923
233,3942
234,3962
235,3982
236,4002
237,4021
238,4042
239,4065
240,4086
241,4104
242,4123
243,4142
244,4162
245,4181
246,4200
247,4217
248,4234
249,4252
250,4269
251,4286
252,4303
253,4319
254,4336
255,4353
256,4369
257,4386
258,4403
259,4420
260,4437
261,4455
262,4472
263,4494
264,4516
265,4536
266,4556
267,4576
268,4598
269,4620
270,4638
271,4656
272,4675
273,4693
274,4711
275,4729
276,4748
277,4767
278,4785
279,4804
280,4823
281,4842
282,4861
283,4879
284,4898
285,4917
286,4936
287,4954
288,4972
289,4989
290,5007
291,5025
292,5043
293,5060
294,5077
295,5094
296,5111
297,5128
298,5144
299,5161
300,5178
301,5195
302,5212
303,5229
304,5245
305,5262
306,5278
307,5295
308,5311
309,5328
310,5344
311,5360
312,5379
313,5397
314,5414
315,5434
316,5454
317,5471
318,5490
319,5508
320,5525
321,5542
322,5558
323,5574
324,5590
325,5607
326,5624
327,5644
328,5664
329,5683
330,5701
331,5720
332,5738
333,5758
334,5777
335,5794
336,5812
337,5830
338,5849
339,5867
340,5885
341,5903
342,5921
343,5939
344,5958
345,5977
346,5997
347,6016
348,6035
349,6055
350,6074
351,6094
352,6112
353,6129
354,6146
355,6163
356,6180
357,6197
358,6214
359,6231
360,6249
361,6265
362,6282
363,6302
364,6323
365,6342
366,6359
367,6378
368,6398
369,6417
370,6436
371,6454
372,6472
373,6491
374,6509
375,6528
376,6546
377,6565
378,6583
379,6601
380,6620
381,6638
382,6656
383,6675
384,6694
385,6712
386,6731
387,6749
388,6767
389,6786
390,6805
391,6825
392,6845
393,6863
394,6881
395,6900
396,6918
397,6937
398,6955
399,6973
400,6992
401,7010
402,7027
403,7045
404,7063
405,7082
406,7101
407,7120
408,7139
409,7157
410,7175
411,7193
412,7212
413,7230
414,7249
415,7267
416,7284
417,7302
418,7319
419,7336
420,7353
421,7371
422,7389
423,7406
424,7424
425,7441
426,7459
427,7477
428,7495
429,7512
430,7529
431,7546
432,7563
433,7580
434,7598
435,7615
436,7632
437,7649
438,7667
439,7685
440,7705
441,7728
442,7748
443,7768
444,7787
445,7808
446,7827
447,7846
448,7864
449,7883
450,7901
451,7919
452,7938
453,7957
454,7975
455,7994
456,8014
457,8033
458,8052
459,8070
460,8088
461,8107
462,8125
463,8143
464,8161
465,8180
466,8198
467,8217
468,8237
469,8257
470,8278
471,8300
472,8319
473,8337
474,8356
475,8374
476,8393
477,8411
478,8429
479,8448
480,8466
481,8483
482,8500
483,8518
484,8535
485,8552
486,8569
487,8585
488,8602
489,8619
490,8636
491,8653
492,8671
493,8691
494,8710
495,8729
496,8748
497,8766
498,8784
499,8803
500,8822
501,8840
502,8859
503,8877
504,8898
505,8919
506,8940
507,8962
508,8982
509,9000
510,9018
511,9037
512,9055
513,9072
514,9089
515,9106
516,9124
517,9141
518,9158
519,9178
520,9199
521,9220
522,9240
523,9259
524,9279
525,9299
526,9318
527,9338
528,9357
529,9376
530,9392
531,9409
532,9426
533,9444
534,9462
535,9480
536,9499
537,9519
538,9536
539,9553
540,9571
541,9590
542,9611
543,9628
544,9645
545,9663
546,9681
547,9698
548,9716
549,9732
550,9751
551,9768
552,9785
553,9802
554,9819
555,9835
556,9852
557,9869
558,9886
559,9903
560,9920
561,9936
562,9953
563,9970
564,9986
565,10002
566,10018
567,10034
568,10050
569,10066
570,10083
571,10098
572,10115
573,10133
574,10149
575,10165
576,10182
577,10197
578,10214
579,10230
580,10246
581,10262
582,10278
583,10294
584,10310
585,10326
586,10343
587,10358
588,10374
589,10391
590,10409
591,10425
592,10441
593,10457
594,10473
595,10489
596,10505
597,10521
598,10537
599,10553
