1,17
2,35
3,52
4,71
5,91
6,111
7,128
8,146
9,163
10,180
11,198
12,217
13,235
14,252
15,269
16,287
17,304
18,321
19,338
20,356
21,374
22,392
23,409
24,427
25,444
26,462
27,479
28,496
29,514
30,532
31,549
32,567
33,585
34,605
35,622
36,640
37,658
38,675
39,692
40,709
41,726
42,743
43,760
44,777
45,795
46,812
47,829
48,846
49,862
50,879
51,896
52,913
53,930
54,946
55,963
56,979
57,996
58,1013
59,1030
60,1047
61,1064
62,1080
63,1097
64,1114
65,1132
66,1149
67,1167
68,1186
69,1203
70,1221
71,1238
72,1255
73,1273
74,1291
75,1309
76,1326
77,1343
78,1360
79,1378
80,1395
81,1412
82,1430
83,1448
84,1465
85,1483
86,1500
87,1518
88,1535
89,1553
90,1570
91,1588
92,1605
93,1623
94,1641
95,1658
96,1675
97,1692
98,1709
99,1726
100,1743
101,1760
102,1779
103,1797
104,1815
105,1832
106,1850
107,1867
108,1884
109,1901
110,1919
111,1936
112,1953
113,1970
114,1987
115,2004
116,2021
117,2038
118,2056
119,2074
120,2092
121,2109
122,2126
123,2143
124,2161
125,2179
126,2196
127,2213
128,2230
129,2248
130,2265
131,2283
132,2300
133,2317
134,2334
135,2351
136,2368
137,2385
138,2402
139,2419
140,2436
141,2452
142,2469
143,2485
144,2501
145,2517
146,2533
147,2549
148,2565
149,2581
150,2597
151,2613
152,2629
153,2645
154,2661
155,2677
156,2693
157,2709
158,2725
159,2741
160,2757
161,2777
162,2793
163,2809
164,2825
165,2841
166,2858
167,2874
168,2890
169,2906
170,2922
171,2938
172,2954
173,2970
174,2985
175,3002
176,3019
177,3036
178,3053
179,3069
180,3085
181,3102
182,3118
183,3134
184,3150
185,3166
186,3182
187,3198
188,3214
189,3230
190,3246
191,3262
192,3280
193,3296
194,3312
195,3328
196,3345
197,3361
198,3377
199,3393
200,3410
201,3426
202,3442
203,3458
204,3474
205,3490
206,3506
207,3522
208,3538
209,3555
210,3571
211,3588
212,3604
213,3620
214,3636
215,3652
216,3668
217,3684
218,3700
219,3716
220,3732
221,3748
222,3764
223,3780
224,3796
225,3812
226,3829
227,3845
228,3861
229,3877
230,3893
231,3912
232,3929
233,3944
234,3961
235,3977
236,3993
237,4009
238,4025
239,4042
240,4058
241,4074
242,4090
243,4106
244,4122
245,4138
246,4154
247,4170
248,4186
249,4202
250,4218
251,4234
252,4250
253,4266
254,4282
255,4298
256,4314
257,4330
258,4346
259,4363
260,4380
261,4396
262,4412
263,4429
264,4445
265,4461
266,4477
267,4493
268,4509
269,4525
270,4540
271,4557
272,4573
273,4589
274,4605
275,4621
276,4637
277,4653
278,4670
279,4686
280,4702
281,4718
282,4734
283,4749
284,4766
285,4782
286,4798
287,4813
288,4830
289,4845
290,4861
291,4878
292,4894
293,4910
294,4926
295,4942
296,4958
297,4974
298,4990
299,5006
300,5022
301,5038
302,5054
303,5070
304,5086
305,5102
306,5118
307,5135
308,5150
309,5166
310,5183
311,5199
312,5215
313,5232
314,5248
315,5264
316,5280
317,5296
318,5312
319,5328
320,5345
321,5361
322,5377
323,5393
324,5410
325,5425
326,5441
327,5457
328,5473
329,5489
330,5506
331,5522
332,5538
333,5554
334,5570
335,5586
336,5602
337,5619
338,5635
339,5651
340,5667
341,5683
342,5699
343,5715
344,5731
345,5746
346,5762
347,5779
348,5795
