1,17
2,34
3,51
4,68
5,85
6,102
7,119
8,137
9,154
10,171
11,188
12,205
13,222
14,239
15,256
16,273
17,289
18,307
19,324
20,341
21,357
22,374
23,391
24,408
25,427
26,444
27,462
28,479
29,495
30,512
31,529
32,546
33,563
34,580
35,599
36,618
37,635
38,654
39,671
40,688
41,705
42,722
43,740
44,757
45,775
46,792
47,809
48,826
49,843
50,860
51,877
52,894
53,912
54,928
55,945
56,962
57,979
58,995
59,1012
60,1029
61,1046
62,1063
63,1080
64,1097
65,1114
66,1131
67,1148
68,1165
69,1183
70,1199
71,1216
72,1233
73,1249
