1,20
2,36
3,53
4,69
5,85
6,102
7,118
8,135
9,151
10,167
11,183
12,199
13,217
14,233
15,250
16,266
17,283
18,299
19,315
20,331
21,347
22,365
23,387
24,405
25,426
26,445
27,465
28,485
29,502
30,520
31,537
32,555
33,576
34,595
35,613
36,630
37,648
38,666
39,684
40,702
41,721
42,739
43,756
44,774
45,791
46,807
47,824
48,841
49,858
50,875
51,891
52,907
53,923
54,939
55,958
56,974
57,990
58,1009
59,1028
60,1046
61,1064
62,1083
63,1101
64,1118
65,1134
66,1150
67,1166
68,1183
69,1199
70,1215
71,1232
72,1249
73,1267
74,1290
75,1313
76,1331
77,1349
78,1369
79,1386
80,1406
81,1423
82,1440
83,1459
84,1475
85,1491
86,1508
87,1524
88,1540
89,1556
90,1574
91,1590
92,1606
93,1622
94,1642
95,1662
96,1681
97,1700
98,1719
99,1738
100,1757
101,1775
102,1794
103,1815
104,1832
105,1849
106,1865
107,1881
108,1898
109,1914
110,1934
111,1950
112,1967
113,1985
114,2002
115,2018
116,2034
117,2050
118,2066
119,2082
120,2098
121,2114
122,2130
123,2147
124,2163
125,2183
126,2200
127,2218
128,2236
129,2252
130,2268
131,2285
132,2302
133,2318
134,2335
135,2352
136,2370
137,2389
138,2408
139,2425
140,2442
141,2459
142,2476
143,2493
144,2513
145,2532
146,2550
147,2570
148,2589
149,2606
150,2626
151,2648
152,2672
153,2693
154,2711
155,2730
156,2747
157,2763
158,2782
159,2798
160,2815
161,2836
162,2854
163,2870
164,2888
165,2905
166,2923
167,2939
168,2956
169,2976
170,2994
171,3011
172,3028
173,3047
174,3064
175,3081
176,3098
177,3115
178,3133
179,3150
180,3167
181,3184
182,3202
183,3219
184,3235
185,3252
186,3268
187,3285
188,3302
189,3319
190,3335
191,3351
192,3368
193,3384
194,3400
195,3416
