1,20
2,40
3,58
4,77
5,97
6,116
7,135
8,153
9,170
10,189
11,208
12,226
13,245
14,263
15,281
16,298
17,318
18,335
19,352
20,369
21,386
22,404
23,423
24,440
25,457
26,476
27,497
28,520
29,543
30,563
31,581
32,598
33,617
34,634
35,651
36,670
37,688
38,706
39,723
40,740
41,757
42,774
43,791
44,811
45,831
46,848
47,866
48,883
49,900
50,918
51,935
52,952
53,972
54,990
55,1009
56,1028
57,1045
58,1062
59,1079
60,1096
61,1116
62,1135
63,1152
64,1169
65,1186
66,1202
67,1218
68,1234
69,1251
70,1271
71,1287
72,1304
73,1321
74,1337
75,1353
76,1369
77,1386
78,1402
79,1418
80,1434
81,1452
82,1469
83,1486
84,1502
85,1518
86,1534
87,1550
88,1566
89,1582
90,1599
91,1615
92,1631
93,1647
94,1663
95,1679
96,1696
97,1712
98,1730
99,1746
100,1763
101,1779
102,1796
103,1812
104,1829
105,1848
106,1867
107,1884
108,1900
109,1916
110,1933
111,1949
112,1969
113,1990
114,2006
115,2022
116,2039
117,2055
118,2072
119,2088
120,2104
121,2121
122,2137
123,2153
124,2169
125,2185
126,2201
127,2218
128,2234
129,2250
130,2266
131,2282
132,2298
133,2315
134,2331
135,2347
136,2363
137,2379
138,2395
139,2411
140,2429
141,2445
142,2461
143,2477
144,2493
145,2509
146,2525
147,2542
148,2558
149,2576
150,2594
151,2610
152,2626
153,2643
154,2659
155,2675
156,2692
157,2708
158,2725
159,2741
160,2757
161,2773
162,2789
163,2806
164,2822
165,2838
166,2854
167,2870
168,2890
169,2914
170,2930
171,2946
172,2962
173,2979
174,2996
175,3014
176,3034
177,3054
178,3072
179,3091
180,3111
181,3131
182,3151
183,3171
184,3189
185,3207
186,3226
187,3245
188,3263
189,3281
190,3300
191,3318
192,3338
193,3359
194,3379
195,3397
196,3416
197,3434
198,3452
199,3471
200,3490
201,3509
202,3527
203,3546
204,3564
205,3583
206,3601
207,3620
208,3638
209,3657
210,3676
211,3695
212,3714
213,3732
214,3750
215,3767
216,3783
217,3800
218,3816
219,3833
220,3850
221,3867
222,3883
223,3900
224,3917
225,3934
226,3950
227,3967
228,3984
229,4001
230,4018
231,4035
232,4052
233,4069
234,4086
235,4102
236,4119
237,4136
238,4153
239,4169
240,4186
241,4203
242,4219
243,4236
244,4257
245,4274
246,4293
247,4312
248,4331
249,4350
250,4368
251,4387
252,4405
253,4423
254,4442
255,4462
256,4481
257,4499
258,4518
259,4537
260,4556
261,4574
262,4592
263,4610
264,4628
265,4647
266,4665
267,4685
268,4702
269,4720
270,4738
271,4755
272,4772
273,4790
274,4807
275,4826
276,4844
277,4861
278,4881
279,4903
280,4929
281,4951
282,4970
283,4989
284,5005
285,5023
286,5041
287,5058
288,5077
289,5095
290,5112
291,5130
292,5150
293,5169
294,5188
295,5206
296,5225
297,5243
298,5262
299,5282
300,5300
301,5319
302,5338
303,5356
304,5375
305,5394
306,5412
307,5431
308,5450
309,5468
310,5487
311,5506
312,5526
313,5546
314,5564
315,5583
316,5601
317,5620
318,5638
319,5657
320,5675
321,5694
322,5715
323,5734
324,5751
325,5768
326,5785
327,5802
328,5819
329,5837
330,5855
331,5875
332,5896
333,5916
334,5936
335,5955
336,5973
337,5991
338,6010
339,6029
340,6050
341,6068
342,6087
343,6104
344,6121
345,6138
346,6155
347,6173
348,6191
349,6209
350,6226
351,6244
352,6262
353,6280
354,6298
355,6315
356,6333
357,6350
358,6368
359,6385
360,6404
361,6422
362,6440
363,6457
364,6474
365,6491
366,6513
367,6531
368,6553
369,6571
370,6589
371,6608
372,6626
373,6643
374,6660
375,6677
376,6694
377,6711
378,6728
379,6745
380,6762
381,6779
382,6796
383,6813
384,6830
385,6847
386,6864
387,6882
388,6900
389,6929
390,6946
391,6963
392,6980
393,6997
394,7014
395,7031
396,7048
397,7065
398,7082
399,7099
400,7116
401,7133
402,7150
403,7167
404,7184
405,7201
406,7218
407,7235
408,7252
409,7269
410,7286
411,7303
412,7320
413,7337
414,7354
415,7371
416,7388
417,7405
418,7422
419,7438
420,7456
421,7473
422,7489
423,7506
424,7524
425,7541
426,7558
427,7575
428,7592
429,7609
430,7625
431,7642
432,7659
433,7676
434,7693
435,7710
436,7727
437,7744
438,7761
439,7778
440,7795
441,7813
442,7831
443,7850
444,7867
445,7884
446,7901
447,7918
448,7935
449,7952
450,7969
451,7986
452,8003
453,8020
454,8037
455,8054
456,8071
457,8088
458,8105
459,8122
460,8139
461,8156
462,8173
463,8190
464,8207
465,8224
466,8241
467,8258
468,8275
469,8292
470,8309
471,8325
472,8343
473,8360
474,8377
475,8394
476,8410
477,8427
478,8444
479,8461
480,8479
481,8496
482,8513
483,8530
484,8546
485,8564
486,8581
487,8598
488,8615
489,8632
490,8648
491,8666
492,8682
493,8700
494,8717
495,8734
496,8751
497,8769
498,8787
499,8805
500,8823
501,8840
502,8857
503,8874
504,8891
505,8908
506,8925
507,8942
508,8959
509,8976
510,8993
511,9010
512,9027
513,9044
514,9061
515,9078
516,9095
517,9112
518,9129
519,9146
520,9163
521,9180
522,9197
523,9214
524,9231
525,9248
526,9265
527,9282
528,9299
529,9316
530,9333
531,9350
532,9367
533,9384
534,9401
535,9418
536,9435
537,9452
538,9470
539,9486
540,9504
541,9521
542,9538
543,9555
544,9572
545,9589
