1,20
2,44
3,70
4,89
5,108
6,126
7,145
8,164
9,183
10,201
11,221
12,240
13,257
14,274
15,292
16,309
17,328
18,348
19,368
20,388
21,408
22,427
23,446
24,464
25,483
26,501
27,520
28,540
29,558
30,578
31,595
32,611
33,629
34,646
35,665
36,683
37,701
38,719
39,738
40,756
41,774
42,792
43,809
44,827
45,846
46,864
47,882
48,899
49,917
50,934
51,951
52,969
53,986
54,1003
55,1020
56,1037
57,1055
58,1073
59,1090
60,1109
61,1126
62,1144
63,1161
64,1178
65,1196
66,1213
67,1230
68,1247
69,1265
70,1282
71,1300
72,1317
73,1335
74,1353
75,1371
76,1388
77,1406
78,1423
79,1440
80,1457
81,1474
82,1491
83,1508
84,1526
85,1544
86,1561
87,1590
88,1622
89,1648
90,1675
91,1691
92,1708
93,1725
94,1742
95,1759
96,1776
97,1793
98,1812
99,1829
100,1846
101,1864
102,1882
103,1899
104,1916
105,1934
106,1951
107,1968
108,1986
109,2003
110,2021
111,2038
112,2056
113,2074
114,2091
115,2108
116,2127
117,2145
118,2163
119,2180
120,2197
121,2214
122,2231
123,2248
124,2266
125,2283
126,2301
127,2319
128,2336
129,2353
130,2371
131,2388
132,2405
133,2422
134,2439
135,2457
136,2475
137,2494
138,2511
139,2528
140,2545
141,2562
142,2579
143,2596
144,2624
145,2649
146,2675
147,2700
148,2725
149,2750
150,2779
151,2803
152,2830
153,2854
154,2879
155,2906
156,2930
157,2955
158,2980
159,3006
160,3031
161,3056
162,3080
163,3107
164,3132
165,3159
166,3184
167,3209
168,3234
169,3259
170,3279
171,3296
172,3316
173,3334
174,3353
175,3373
176,3390
177,3411
178,3428
179,3445
180,3461
181,3478
182,3495
183,3512
184,3529
185,3545
186,3565
187,3582
188,3599
189,3615
190,3632
191,3648
192,3664
193,3680
194,3697
195,3713
