1,447
2,896
3,1345
4,1775
5,2206
6,2649
7,3085
8,3516
9,3948
10,4378
11,4810
12,5245
13,5675
14,6111
15,6537
16,6961
17,7388
18,7813
19,8533
20,8972
21,9414
22,9861
23,10315
24,10758
25,11189
26,11613
27,12045
28,12480
29,12908
30,13344
31,13772
32,14211
33,14657
34,15097
35,15532
36,15959
37,16421
38,16914
39,17351
40,17782
41,18251
42,18679
43,19116
44,19548
45,19976
46,20402
47,20836
48,21264
49,21691
50,22123
51,22547
52,22970
53,23399
54,23825
55,24252
56,24678
57,25101
58,25526
59,25950
60,26383
61,26813
62,27238
63,27662
64,28085
65,28518
66,28948
67,29384
68,29817
69,30248
70,30675
71,31097
72,31532
73,31963
74,32405
75,32834
76,33273
77,33708
78,34133
79,34561
80,34988
81,35415
82,35837
83,36258
84,36685
85,37113
86,37534
87,37961
88,38389
89,38814
90,39243
91,39690
92,40175
93,40623
94,41046
95,41502
96,41943
97,42398
98,42871
99,43328
100,43762
101,44201
102,44630
103,45049
104,45474
105,45898
106,46323
107,46744
108,47169
109,47601
110,48026
111,48448
112,48869
113,49291
114,49713
115,50135
116,50556
117,50977
118,51402
119,51827
120,52256
121,52700
122,53195
123,53640
124,54092
125,54562
126,55034
127,55467
128,55915
129,56340
130,56763
131,57246
132,57702
133,58131
134,58558
135,58978
136,59403
137,59823
138,60243
139,60665
140,61087
141,61533
142,61974
143,62430
144,62911
145,63350
146,63779
147,64201
148,64628
149,65060
150,65487
151,65916
152,66346
153,66774
154,67200
155,67622
156,68050
157,68479
158,68919
159,69345
160,69767
161,70189
162,70612
163,71034
164,71463
165,71893
166,72318
167,72744
168,73168
169,73593
170,74033
171,74453
172,74881
173,75311
174,75745
175,76179
176,76600
177,77031
178,77459
179,77884
180,78306
181,78728
182,79186
183,79655
184,80081
185,80502
186,80928
187,81354
188,81815
189,82279
190,82731
191,83156
192,83586
193,84025
194,84448
195,84889
196,85315
197,85737
198,86161
199,86591
200,87017
201,87449
202,87871
203,88312
204,88787
205,89271
206,89755
207,90235
208,90712
209,91166
210,91622
211,92095
212,92540
213,92967
214,93428
215,93886
216,94377
217,94810
218,95290
219,95811
220,96242
221,96728
222,97170
223,97651
224,98122
225,98571
226,99009
227,99440
228,99862
229,100283
230,100716
231,101142
232,101564
233,101987
234,102408
235,102839
236,103262
237,103687
238,104112
239,104543
240,104988
241,105415
242,105842
243,106264
244,106686
245,107108
246,107529
247,107951
248,108374
249,108794
250,109217
251,109645
252,110097
253,110563
254,111038
255,111529
256,111961
257,112392
258,112883
259,113305
260,113759
261,114185
262,114614
263,115073
264,115548
265,116010
266,116457
267,116902
268,117334
269,117769
270,118203
271,118634
272,119061
273,119507
274,119933
275,120359
276,120790
277,121213
278,121635
279,122058
280,122484
281,122910
282,123337
283,123759
284,124191
285,124625
286,125054
287,125477
288,125909
289,126331
290,126755
291,127182
292,127605
293,128028
294,128460
295,128884
296,129312
297,129742
298,130177
299,130620
300,131045
301,131477
302,131903
303,132331
304,132757
305,133184
306,133607
307,134049
308,134487
309,134927
310,135358
311,135784
312,136210
313,136642
314,137066
315,137489
316,137919
317,138354
318,138776
319,139200
320,139632
321,140062
322,140492
323,140916
324,141340
325,141775
326,142210
327,142638
328,143073
329,143498
330,143933
331,144360
332,144790
333,145216
334,145646
335,146072
336,146500
337,146926
338,147354
339,147779
340,148201
341,148623
342,149064
343,149498
344,149927
345,150364
346,150804
347,151260
348,151732
349,152179
350,152623
351,153096
352,153563
353,154039
354,154544
355,155051
356,155501
357,155948
358,156384
359,156830
360,157265
361,157689
362,158114
363,158537
364,158961
365,159385
366,159868
367,160325
368,160794
369,161259
370,161759
371,162230
372,162722
373,163229
374,163720
375,164194
376,164644
377,165093
378,165546
379,166012
380,166456
381,166916
382,167382
383,167870
384,168329
385,168763
386,169217
387,169640
388,170066
389,170488
390,170908
391,171334
392,171803
393,172275
394,172746
395,173239
396,173706
397,174175
398,174662
399,175142
400,175607
401,176086
402,176564
403,177011
404,177517
405,178004
406,178477
407,178935
408,179411
409,179866
410,180331
411,180796
412,181264
413,181744
414,182219
415,182690
416,183173
417,183649
418,184122
419,184586
420,185067
421,185521
422,185998
423,186455
424,186937
425,187398
426,187854
427,188329
428,188809
429,189280
430,189740
431,190200
432,190666
433,191131
434,191594
435,192078
436,192559
437,193019
438,193453
439,193902
440,194323
441,194748
442,195174
443,195598
444,196018
445,196440
446,196869
447,197294
448,197722
449,198143
450,198567
451,198988
452,199413
453,199833
454,200254
455,200676
456,201096
457,201522
458,201945
459,202371
460,202793
461,203218
462,203638
463,204095
464,204523
465,204950
466,205371
467,205792
468,206215
469,206638
470,207061
471,207511
472,207987
473,208452
474,208938
475,209400
476,209847
477,210277
478,210711
479,211168
480,211618
481,212101
482,212564
483,213030
484,213511
485,213988
486,214453
487,214900
488,215346
489,215769
490,216190
491,216610
492,217032
493,217452
494,217872
495,218295
496,218727
497,219153
498,219627
499,220066
500,220531
501,220967
502,221425
503,221869
504,222320
505,222769
506,223248
507,223721
508,224182
509,224658
510,225148
511,225632
512,226095
513,226557
514,227007
515,227475
516,227951
517,228443
518,228904
519,229376
520,229865
521,230311
522,230769
523,231192
524,231612
525,232059
526,232535
527,233009
528,233463
529,233907
530,234375
531,234844
532,235305
533,235795
534,236268
535,236743
536,237211
537,237637
538,238094
539,238534
540,238976
541,239442
542,239877
543,240342
544,240800
545,241258
546,241685
547,242142
548,242586
549,243042
550,243475
551,243903
552,244337
553,244793
554,245247
555,245700
556,246149
557,246621
558,247083
559,247537
560,247980
561,248405
562,248830
563,249253
564,249674
565,250109
566,250535
567,250957
568,251390
569,251822
570,252244
571,252668
572,253096
573,253520
574,253945
575,254371
576,254797
577,255248
578,255697
579,256165
580,256658
581,257122
582,257587
583,258060
584,258525
585,258998
586,259462
587,259914
588,260339
589,260774
590,261198
591,261619
592,262042
593,262469
594,262889
