1,441
2,877
3,1306
4,1741
5,2168
6,2601
7,3025
8,3454
9,3880
10,4303
11,4731
12,5159
13,5592
14,6031
15,6459
16,6885
17,7312
18,7763
19,8238
20,8690
21,9173
22,9612
23,10052
24,10504
25,10938
26,11371
27,11814
28,12238
29,12670
30,13098
31,13528
32,13952
33,14380
34,14848
35,15273
36,15701
37,16129
38,16564
39,16989
40,17420
41,17846
42,18270
43,18713
44,19147
45,19579
46,20001
47,20435
48,20863
49,21290
50,21716
51,22156
52,22592
53,23026
54,23473
55,23912
56,24348
57,24800
58,25234
59,25675
60,26107
61,26542
62,26985
63,27424
64,27858
65,28284
66,28721
67,29159
68,29609
69,30087
70,30549
71,31017
72,31490
73,31989
74,32439
75,32874
76,33337
77,33779
78,34251
79,34707
80,35180
81,35645
82,36076
83,36534
84,37026
85,37503
86,37948
87,38407
88,38848
89,39284
90,39789
91,40275
92,40773
93,41230
94,41667
95,42109
96,42551
97,42979
