1,429
2,851
3,1273
4,1693
5,2114
6,2536
7,2960
8,3384
9,3804
10,4227
11,4652
12,5072
13,5493
14,5913
15,6335
16,6755
17,7178
18,7599
19,8019
20,8440
21,8860
22,9281
23,9702
24,10123
25,10543
26,10963
27,11386
28,11809
29,12231
30,12651
31,13071
32,13493
33,13913
34,14336
35,14757
36,15179
37,15599
38,16019
39,16441
40,16862
41,17285
42,17706
43,18128
44,18549
45,18969
46,19395
47,19815
48,20241
49,20661
50,21084
51,21508
52,21928
53,22351
54,22771
55,23194
56,23614
57,24034
58,24456
59,24878
60,25299
61,25719
62,26139
63,26560
64,26980
65,27401
66,27821
67,28245
68,28669
69,29092
70,29515
71,29936
72,30362
73,30785
74,31206
75,31626
76,32047
77,32468
78,32887
79,33310
80,33730
81,34153
82,34576
83,34997
84,35418
85,35839
86,36260
87,36680
88,37099
89,37520
90,37942
91,38362
92,38782
93,39203
94,39623
95,40045
96,40465
97,40887
98,41307
99,41727
100,42147
101,42566
102,42988
103,43409
104,43829
105,44255
106,44675
107,45098
108,45523
109,45943
110,46364
111,46784
112,47205
113,47625
114,48045
115,48465
116,48886
117,49307
118,49727
119,50149
120,50569
121,50990
122,51412
123,51832
124,52253
125,52673
126,53093
127,53514
128,53936
129,54357
130,54777
131,55199
132,55620
133,56042
134,56463
135,56884
136,57304
137,57724
138,58145
139,58566
140,58986
141,59408
142,59829
143,60254
144,60674
145,61094
146,61515
147,61937
148,62357
149,62778
150,63200
151,63620
152,64040
153,64461
154,64884
155,65310
156,65734
157,66156
158,66576
159,66996
160,67420
161,67839
162,68260
163,68680
164,69100
165,69521
166,69945
167,70370
168,70795
169,71215
170,71636
171,72056
172,72480
173,72901
174,73323
175,73747
176,74168
177,74592
178,75011
179,75434
180,75858
181,76278
182,76698
183,77122
184,77545
185,77968
186,78389
187,78809
188,79233
189,79654
190,80074
191,80494
192,80916
193,81340
194,81760
195,82181
196,82600
197,83021
198,83441
199,83867
200,84322
201,84743
202,85163
203,85591
204,86011
205,86432
206,86855
207,87277
208,87699
209,88119
210,88541
211,88963
212,89386
213,89807
214,90229
215,90650
216,91071
217,91494
218,91914
219,92337
220,92758
221,93181
222,93601
223,94021
224,94444
225,94866
226,95288
227,95712
228,96132
229,96553
230,96972
231,97393
232,97815
233,98235
234,98656
235,99078
236,99500
237,99927
238,100352
239,100773
240,101193
241,101615
242,102036
243,102460
244,102891
245,103317
246,103742
247,104170
248,104595
249,105023
250,105444
251,105866
252,106287
253,106708
254,107128
255,107549
256,107970
257,108391
258,108813
259,109233
260,109659
261,110086
262,110509
263,110932
264,111353
265,111773
266,112193
267,112615
268,113035
269,113457
