1,427
2,848
3,1272
4,1693
5,2113
6,2537
7,2971
8,3409
9,3867
10,4326
11,4781
12,5232
13,5655
14,6093
15,6524
16,6947
17,7374
18,7796
19,8231
20,8656
21,9086
22,9517
23,9947
24,10371
25,10818
26,11277
27,11726
28,12164
29,12601
30,13035
31,13475
32,13918
33,14347
34,14771
35,15212
36,15639
37,16069
38,16506
39,16978
40,17484
41,17965
42,18395
43,18886
44,19320
45,19756
46,20215
47,20641
48,21115
49,21550
50,21998
51,22426
52,22855
53,23293
54,23720
55,24152
56,24591
57,25012
58,25433
59,25860
60,26293
61,26729
62,27153
63,27576
64,27998
65,28430
66,28861
67,29283
68,29705
69,30128
70,30554
71,30985
72,31410
73,31834
74,32277
75,32722
76,33154
77,33585
78,34016
79,34443
80,34927
81,35406
82,35864
83,36285
84,36707
85,37130
86,37559
87,38020
88,38494
89,38977
90,39456
91,39878
92,40306
93,40746
94,41177
95,41623
96,42050
97,42484
98,42915
99,43351
100,43774
101,44196
102,44641
103,45091
104,45542
105,45970
106,46399
107,46859
108,47339
109,47766
110,48224
111,48694
112,49146
113,49590
114,50070
115,50519
116,50965
117,51417
118,51844
119,52283
120,52707
121,53131
122,53558
123,53993
124,54423
125,54859
126,55283
127,55708
128,56134
129,56601
130,57081
131,57561
132,58014
133,58460
134,58923
135,59387
136,59841
137,60292
138,60748
139,61195
140,61633
141,62074
142,62569
143,63044
144,63507
145,63964
146,64501
147,64960
148,65385
149,65810
150,66237
151,66716
152,67178
153,67608
154,68031
155,68475
156,68914
157,69377
158,69838
159,70329
160,70796
161,71228
162,71687
163,72156
164,72619
165,73076
166,73528
167,73972
168,74458
169,74913
170,75345
171,75767
172,76200
173,76637
174,77091
175,77556
176,78040
177,78504
178,78985
179,79451
180,79919
181,80402
182,80877
183,81302
184,81743
185,82191
186,82669
187,83103
188,83593
189,84103
190,84562
191,85004
192,85443
193,85899
