1,427
2,848
3,1269
4,1690
5,2111
6,2541
7,2961
8,3383
9,3804
10,4226
11,4647
12,5070
13,5491
14,5912
15,6332
16,6754
17,7174
18,7601
19,8023
20,8444
21,8866
22,9288
23,9744
24,10168
25,10590
26,11010
27,11430
28,11851
29,12272
30,12695
31,13116
32,13536
33,13956
34,14377
35,14800
36,15220
37,15641
38,16064
39,16485
40,16906
41,17328
42,17748
43,18174
44,18599
45,19022
46,19446
47,19866
48,20288
49,20711
50,21137
51,21558
52,21980
53,22402
54,22822
55,23244
56,23665
57,24087
58,24507
59,24929
60,25349
61,25770
62,26191
63,26611
64,27035
65,27455
66,27875
67,28295
68,28715
69,29135
70,29558
71,29980
72,30401
73,30825
74,31248
75,31673
76,32097
77,32523
78,32947
79,33368
80,33788
81,34209
82,34630
83,35052
84,35473
85,35894
86,36315
87,36736
88,37156
89,37576
90,37999
91,38419
92,38840
93,39260
94,39680
95,40101
96,40522
97,40944
98,41364
99,41785
100,42205
101,42627
102,43050
103,43471
104,43891
105,44311
106,44732
107,45153
108,45574
109,45993
110,46413
111,46833
112,47253
113,47674
114,48097
115,48516
116,48940
117,49363
118,49783
119,50206
120,50630
121,51050
122,51471
123,51893
124,52320
125,52740
126,53162
127,53585
128,54010
129,54432
130,54854
131,55278
132,55703
133,56126
134,56549
135,56971
136,57393
137,57815
138,58237
139,58658
140,59078
141,59499
142,59921
143,60343
144,60764
145,61185
146,61605
147,62026
148,62447
149,62867
150,63291
151,63711
152,64132
153,64555
154,64978
155,65409
156,65832
157,66258
158,66678
159,67099
160,67522
161,67943
162,68364
163,68784
164,69204
165,69625
166,70046
167,70468
168,70888
169,71311
170,71733
171,72155
172,72578
173,73005
174,73426
175,73846
176,74268
177,74693
178,75114
179,75536
180,75959
181,76381
182,76803
183,77224
184,77645
185,78066
186,78489
187,78908
188,79329
189,79750
190,80171
191,80593
192,81019
193,81442
194,81865
195,82288
196,82708
197,83129
198,83550
199,83971
200,84393
201,84814
202,85236
203,85656
204,86079
205,86505
206,86927
207,87349
208,87770
209,88191
210,88611
211,89033
212,89455
213,89875
214,90296
215,90721
216,91142
217,91563
218,91983
219,92404
220,92825
221,93247
222,93667
223,94088
224,94509
225,94929
226,95349
227,95770
228,96192
229,96615
230,97036
231,97459
232,97881
233,98303
234,98724
235,99145
236,99566
237,99990
238,100412
239,100832
240,101253
241,101673
242,102094
243,102517
244,102938
245,103359
246,103779
247,104201
248,104622
249,105043
250,105465
251,105884
252,106305
253,106725
254,107148
255,107571
256,107991
257,108420
258,108842
259,109268
260,109689
261,110109
262,110530
263,110949
264,111370
265,111791
266,112217
267,112638
268,113059
269,113481
270,113901
271,114323
272,114742
273,115165
274,115586
275,116006
276,116428
277,116848
278,117274
279,117703
280,118125
281,118546
282,118965
283,119387
284,119808
285,120230
286,120654
287,121075
288,121496
289,121916
290,122336
291,122755
292,123177
293,123597
294,124017
295,124440
296,124860
297,125281
298,125702
299,126124
300,126546
301,126966
302,127392
303,127819
304,128240
305,128662
306,129085
307,129505
308,129929
309,130351
310,130772
311,131196
312,131616
313,132037
314,132457
315,132878
316,133300
317,133720
318,134139
319,134560
320,134980
321,135402
322,135823
323,136243
324,136664
325,137087
326,137509
327,137928
328,138350
329,138769
330,139192
331,139614
332,140037
333,140461
334,140881
335,141305
336,141726
337,142149
338,142570
339,142994
340,143421
341,143846
342,144266
343,144688
344,145108
345,145529
346,145951
347,146371
348,146791
349,147211
350,147634
351,148056
352,148477
353,148897
354,149319
355,149743
356,150164
357,150585
358,151007
359,151429
360,151849
361,152272
362,152692
363,153117
364,153541
365,153962
366,154382
367,154802
368,155224
369,155646
370,156066
371,156486
372,156907
373,157328
374,157747
375,158167
376,158596
377,159018
378,159440
379,159861
380,160282
381,160708
382,161128
383,161548
384,161970
385,162390
386,162810
387,163232
388,163653
389,164076
390,164496
391,164918
392,165342
393,165764
394,166184
395,166604
396,167025
397,167466
398,167910
399,168365
400,168786
401,169220
402,169668
403,170090
404,170511
405,170934
406,171355
407,171781
408,172202
409,172627
410,173054
411,173475
412,173896
413,174320
414,174742
415,175164
416,175588
417,176008
418,176429
419,176849
420,177310
421,177732
422,178158
423,178582
424,179001
425,179424
426,179844
427,180266
428,180688
429,181109
430,181530
431,181957
432,182378
433,182798
434,183222
435,183643
436,184067
437,184491
438,184913
439,185334
440,185758
441,186179
442,186604
443,187024
444,187444
445,187869
446,188289
447,188711
448,189131
449,189552
450,189974
451,190396
452,190817
453,191237
454,191660
455,192083
456,192505
457,192925
458,193345
459,193768
460,194189
461,194614
462,195036
463,195457
464,195878
465,196300
466,196724
467,197145
468,197567
469,197988
470,198408
471,198828
472,199251
473,199672
474,200094
475,200518
476,200938
477,201359
478,201780
479,202202
480,202625
481,203049
482,203470
483,203890
484,204311
485,204731
486,205153
487,205576
488,205998
489,206419
490,206840
491,207263
492,207688
493,208108
494,208529
495,208949
496,209369
497,209790
498,210213
499,210638
500,211058
501,211481
502,211901
503,212321
504,212750
505,213169
506,213591
507,214037
508,214458
509,214879
510,215300
511,215722
512,216145
513,216565
514,216987
515,217408
516,217829
517,218251
518,218677
519,219096
520,219519
521,219940
522,220368
523,220790
524,221211
525,221633
526,222054
527,222474
528,222898
529,223319
530,223743
531,224167
532,224587
533,225013
534,225434
535,225854
536,226274
