1,432
2,865
3,1294
4,1719
5,2152
6,2582
7,3024
8,3476
9,3900
10,4325
11,4763
12,5187
13,5613
14,6038
15,6463
16,6887
17,7312
18,7738
19,8164
20,8587
21,9010
22,9433
23,9866
24,10309
25,10766
26,11234
27,11691
28,12136
29,12599
30,13115
31,13582
32,14060
33,14531
34,14975
35,15408
36,15872
37,16359
38,16789
39,17219
40,17648
41,18077
42,18501
43,18925
44,19347
45,19770
46,20193
47,20616
48,21041
49,21481
50,21958
51,22405
52,22851
53,23286
54,23719
55,24158
56,24594
57,25059
58,25494
59,25953
60,26406
61,26848
62,27291
63,27717
64,28168
65,28618
66,29069
67,29520
68,29949
69,30405
70,30846
71,31303
72,31759
73,32195
74,32619
