1,427
2,853
3,1278
4,1700
5,2124
6,2551
7,2999
8,3469
9,3894
10,4321
11,4751
12,5210
13,5649
14,6091
15,6525
16,6951
17,7379
18,7809
19,8238
20,8667
21,9091
22,9515
23,9955
24,10384
25,10822
26,11274
27,11732
28,12161
29,12590
30,13019
31,13446
32,13871
33,14301
34,14725
35,15148
36,15573
37,15998
38,16423
39,16847
40,17278
41,17711
42,18140
43,18581
44,19004
45,19425
46,19857
47,20279
48,20701
49,21123
50,21545
51,21967
52,22389
53,22821
54,23243
55,23664
56,24091
57,24519
58,24944
59,25365
60,25792
61,26215
62,26636
63,27066
64,27494
65,27921
66,28352
67,28777
68,29202
69,29626
70,30060
71,30491
72,30920
73,31349
74,31774
75,32205
76,32631
77,33054
78,33479
79,33902
80,34327
81,34751
82,35176
83,35601
84,36026
85,36484
86,36931
87,37387
88,37859
89,38321
90,38795
91,39257
92,39706
93,40150
94,40601
95,41042
96,41493
97,41970
98,42433
99,42917
100,43375
101,43832
102,44301
103,44772
104,45230
105,45683
106,46117
107,46582
108,47044
109,47478
110,47913
111,48350
112,48804
113,49256
114,49721
115,50191
116,50621
117,51074
118,51550
119,51984
120,52416
121,52850
122,53275
123,53708
124,54143
125,54590
126,55049
