1,437
2,866
3,1292
4,1720
5,2159
6,2593
7,3022
8,3462
9,3903
10,4337
11,4778
12,5212
13,5647
14,6077
15,6502
16,6937
17,7362
18,7789
19,8211
20,8642
21,9066
22,9489
23,9914
24,10338
25,10769
26,11196
27,11629
28,12054
29,12477
30,12903
31,13332
32,13761
33,14194
34,14625
35,15062
36,15491
37,15925
38,16355
39,16792
40,17249
41,17688
42,18140
43,18594
44,19049
45,19475
46,19934
47,20392
48,20874
49,21345
50,21826
51,22303
52,22745
53,23185
54,23619
55,24042
56,24464
57,24886
58,25309
59,25738
60,26161
61,26588
62,27015
63,27439
64,27878
65,28300
66,28721
67,29148
68,29574
69,29997
70,30419
71,30841
72,31262
73,31687
74,32113
75,32539
76,32967
77,33390
78,33819
79,34246
80,34669
81,35092
82,35517
83,35939
84,36362
85,36784
86,37207
87,37635
88,38062
89,38484
90,38909
91,39333
92,39756
93,40178
94,40600
95,41021
96,41444
97,41871
98,42294
99,42717
100,43143
101,43567
102,43993
103,44418
104,44843
105,45266
106,45689
107,46115
108,46537
109,46963
110,47386
111,47815
112,48236
113,48664
114,49086
115,49513
116,49935
117,50358
118,50786
119,51211
120,51634
121,52057
122,52481
123,52903
124,53326
125,53749
126,54171
127,54592
128,55023
129,55448
130,55872
131,56295
132,56722
133,57149
134,57572
135,57994
136,58417
137,58840
138,59269
139,59694
140,60116
141,60538
142,60960
143,61383
144,61809
145,62232
146,62654
147,63077
148,63500
149,63925
150,64349
151,64771
152,65194
153,65622
154,66048
155,66475
156,66896
157,67319
158,67746
159,68175
160,68599
161,69022
162,69445
163,69870
164,70296
165,70718
166,71146
167,71569
168,71993
169,72416
170,72842
171,73267
172,73688
173,74113
174,74534
175,74955
176,75378
177,75805
178,76226
179,76646
180,77072
181,77496
182,77916
183,78339
184,78761
185,79183
186,79603
187,80026
188,80446
189,80866
190,81289
191,81709
192,82135
193,82556
194,82977
195,83398
196,83819
197,84239
198,84659
199,85083
200,85509
201,85945
202,86369
203,86789
204,87210
205,87632
206,88058
207,88485
208,88924
209,89355
210,89782
211,90214
212,90649
213,91070
214,91492
215,91920
216,92350
217,92789
218,93211
219,93632
220,94057
221,94477
222,94897
223,95323
224,95749
225,96180
226,96623
227,97065
228,97505
229,97933
230,98367
231,98808
232,99234
233,99657
234,100098
235,100525
236,100951
237,101382
238,101821
239,102253
240,102677
241,103109
242,103536
243,103957
244,104378
245,104804
246,105225
247,105646
248,106067
249,106489
250,106911
251,107332
252,107751
253,108172
254,108594
255,109014
256,109443
257,109869
258,110297
259,110725
260,111189
261,111616
262,112044
263,112473
264,112899
265,113324
266,113749
267,114177
268,114643
269,115073
270,115515
271,115946
272,116386
273,116818
274,117245
275,117680
276,118119
277,118545
278,118976
279,119408
280,119839
281,120268
282,120698
283,121132
284,121558
285,121979
286,122404
287,122825
288,123251
289,123681
290,124110
291,124547
292,124970
293,125404
294,125836
295,126264
296,126686
297,127114
298,127546
299,127977
300,128403
301,128826
302,129253
303,129675
304,130095
305,130524
306,130948
307,131374
308,131797
309,132236
310,132663
311,133091
312,133524
313,133958
314,134382
315,134809
316,135234
317,135676
318,136109
319,136544
320,136971
321,137398
322,137826
323,138252
324,138679
325,139102
326,139538
327,139973
328,140413
329,140850
330,141283
331,141713
332,142138
333,142563
334,142983
335,143406
336,143827
337,144247
338,144687
339,145143
340,145603
341,146068
342,146537
343,147008
344,147480
345,147918
346,148385
347,148822
348,149243
349,149666
350,150087
351,150508
352,150928
353,151374
354,151821
355,152279
356,152753
357,153206
358,153669
359,154122
360,154553
361,154992
362,155423
363,155856
364,156282
365,156708
366,157134
367,157561
368,157994
369,158432
370,158861
371,159285
372,159722
373,160163
374,160595
375,161030
376,161478
377,161909
378,162375
379,162831
380,163270
381,163723
382,164177
383,164605
384,165027
385,165453
386,165880
387,166353
388,166787
389,167224
390,167658
391,168091
392,168525
393,168961
394,169412
395,169849
396,170280
397,170715
398,171150
399,171583
400,172017
401,172448
402,172877
403,173307
404,173733
405,174163
406,174591
407,175018
408,175442
409,175864
410,176294
411,176786
412,177233
413,177674
414,178124
415,178578
416,179003
417,179428
418,179850
419,180309
420,180791
421,181272
422,181706
423,182128
424,182570
425,183006
426,183464
427,183907
428,184356
429,184796
430,185226
431,185695
432,186144
433,186596
434,187057
435,187535
436,188020
437,188481
438,188928
439,189354
440,189778
441,190202
442,190635
443,191106
444,191572
445,192003
446,192465
447,192912
448,193391
449,193834
450,194278
451,194721
452,195150
453,195577
454,196000
455,196445
456,196906
457,197364
458,197837
459,198279
460,198731
461,199199
462,199647
463,200113
464,200555
465,200978
466,201419
467,201854
468,202346
469,202821
470,203273
471,203703
472,204176
473,204625
474,205066
475,205518
476,206008
477,206449
