1,430
2,881
3,1373
4,1821
5,2276
6,2720
7,3154
8,3576
9,3999
10,4491
11,4985
12,5449
13,5876
14,6313
15,6743
16,7166
17,7600
18,8022
19,8443
20,8875
21,9297
22,9729
23,10151
24,10577
25,11010
26,11466
27,11910
28,12365
29,12822
30,13288
31,13719
32,14209
33,14675
34,15160
35,15609
36,16088
37,16545
38,16971
39,17414
40,17842
41,18275
42,18698
43,19124
44,19611
45,20035
46,20455
47,20876
48,21295
49,21716
50,22136
51,22557
52,22980
53,23427
54,23873
55,24311
56,24817
57,25324
58,25793
59,26262
60,26733
61,27201
62,27651
63,28123
64,28555
65,29005
66,29472
67,29900
68,30345
69,30785
70,31215
71,31686
72,32140
73,32587
74,33018
75,33449
76,33912
77,34380
78,34835
79,35317
80,35767
81,36261
82,36716
83,37184
84,37654
85,38116
86,38593
87,39065
88,39527
89,40016
90,40490
91,40959
92,41428
93,41904
94,42373
95,42820
96,43261
97,43692
98,44115
99,44536
100,44964
101,45386
102,45810
103,46238
104,46694
105,47167
106,47660
107,48122
108,48593
109,49069
110,49545
111,50024
112,50497
113,50977
114,51469
115,51928
116,52399
117,52858
118,53319
119,53769
120,54218
121,54690
122,55143
123,55595
124,56064
125,56520
126,57010
127,57475
128,57949
129,58421
130,58885
131,59349
132,59798
133,60223
134,60673
135,61119
136,61583
137,62040
138,62494
139,62958
140,63414
141,63884
142,64322
143,64778
144,65235
145,65679
146,66123
147,66571
148,67012
149,67455
150,67895
151,68342
152,68800
153,69254
154,69699
