1,426
2,847
3,1269
4,1691
5,2112
6,2559
7,3009
8,3444
9,3868
10,4301
11,4739
12,5169
13,5610
14,6067
15,6513
16,6935
17,7363
18,7814
19,8278
20,8704
21,9126
22,9547
23,9971
24,10396
25,10823
26,11253
27,11679
28,12111
29,12544
30,12973
31,13400
32,13831
33,14254
34,14675
35,15098
36,15549
37,16008
38,16466
39,16925
40,17363
41,17819
42,18278
43,18723
44,19184
45,19605
46,20043
47,20482
48,20931
49,21373
50,21812
51,22256
52,22696
53,23135
54,23571
55,24005
56,24440
57,24869
58,25347
59,25796
60,26255
61,26704
62,27168
63,27629
64,28082
65,28506
66,28935
67,29358
68,29805
69,30263
70,30737
71,31184
72,31682
73,32138
74,32620
75,33068
76,33517
77,33946
78,34369
79,34798
80,35221
81,35649
82,36072
83,36499
84,36938
85,37384
86,37818
87,38244
88,38667
89,39089
90,39516
91,39990
92,40422
93,40868
94,41323
95,41762
96,42211
97,42663
98,43091
99,43557
100,43986
101,44428
102,44877
103,45342
104,45812
105,46274
106,46744
107,47236
108,47700
109,48172
110,48633
111,49114
112,49613
113,50049
114,50475
115,50944
116,51366
117,51806
118,52271
119,52704
120,53156
121,53622
122,54069
123,54515
124,54940
125,55370
126,55797
127,56225
128,56658
129,57107
130,57587
131,58059
132,58496
133,58934
134,59377
135,59810
136,60240
137,60671
138,61103
139,61532
140,61966
141,62402
142,62833
143,63263
144,63695
145,64131
146,64584
147,65018
148,65513
149,65985
150,66407
151,66830
152,67263
153,67698
154,68139
155,68574
156,69014
157,69443
158,69868
159,70299
160,70733
161,71173
162,71596
163,72020
164,72446
165,72871
166,73294
167,73720
168,74144
169,74572
170,75000
171,75424
172,75858
173,76280
174,76705
175,77128
176,77551
177,77991
178,78425
179,78864
180,79322
181,79778
182,80252
183,80706
184,81178
185,81675
186,82138
187,82598
188,83092
189,83521
190,83962
191,84392
192,84822
193,85261
194,85692
195,86115
196,86538
197,86962
198,87391
199,87814
200,88238
201,88668
202,89095
203,89527
204,89953
205,90381
206,90812
207,91236
208,91658
209,92084
210,92508
211,92937
212,93363
213,93787
214,94210
215,94635
216,95060
217,95487
218,95922
219,96345
220,96767
221,97191
222,97615
223,98047
224,98472
225,98896
226,99323
227,99745
228,100175
229,100600
230,101024
231,101451
232,101874
233,102297
234,102725
235,103153
236,103579
237,104003
238,104425
239,104853
240,105283
241,105714
242,106139
243,106563
244,107001
245,107424
246,107875
247,108341
248,108802
249,109254
250,109713
251,110180
252,110609
253,111061
254,111518
255,111958
256,112392
257,112853
258,113317
259,113745
260,114170
261,114605
262,115028
263,115470
264,115893
265,116322
266,116748
267,117176
268,117603
269,118037
270,118467
271,118901
272,119332
273,119764
274,120192
275,120625
276,121058
277,121482
278,121914
279,122340
280,122772
281,123201
282,123630
283,124070
284,124508
285,124937
286,125374
287,125800
288,126227
289,126665
290,127100
291,127536
292,127960
293,128391
294,128819
295,129252
296,129674
297,130107
298,130546
299,130973
300,131395
301,131818
302,132245
303,132668
304,133096
305,133525
306,133954
307,134376
308,134798
309,135228
310,135655
311,136080
312,136504
313,136932
314,137356
315,137779
316,138203
317,138629
318,139057
319,139485
320,139919
321,140355
322,140779
323,141213
324,141639
325,142072
326,142506
327,142935
328,143362
329,143785
330,144210
331,144636
332,145062
333,145489
334,145913
335,146335
336,146762
337,147186
338,147612
339,148036
340,148462
341,148884
342,149307
343,149734
344,150157
345,150582
346,151005
347,151427
348,151853
349,152277
350,152700
351,153127
352,153562
353,153985
354,154407
355,154830
356,155253
357,155676
358,156101
359,156523
360,156946
361,157369
362,157800
363,158230
364,158658
365,159082
366,159505
367,159931
368,160353
369,160777
370,161201
371,161625
372,162048
373,162471
374,162896
375,163320
376,163746
377,164170
378,164592
379,165015
380,165441
381,165864
382,166291
383,166714
384,167142
385,167565
386,167988
387,168412
388,168836
389,169258
390,169682
391,170105
392,170528
393,170950
394,171373
395,171797
396,172219
397,172641
398,173062
399,173482
400,173906
401,174329
402,174755
403,175176
404,175595
405,176029
406,176481
407,176964
408,177419
409,177881
410,178345
411,178787
412,179263
413,179693
414,180162
415,180587
416,181050
417,181474
418,181899
419,182322
420,182755
421,183194
422,183625
423,184050
424,184472
425,184898
426,185325
427,185778
428,186235
429,186703
430,187167
431,187615
432,188077
433,188540
434,188973
435,189396
436,189819
437,190245
438,190675
439,191103
440,191526
441,191952
442,192378
443,192800
444,193224
445,193646
446,194070
447,194495
448,194918
449,195342
450,195768
451,196193
452,196619
453,197048
454,197475
455,197899
456,198333
457,198756
458,199183
459,199606
460,200034
461,200461
462,200886
463,201312
464,201739
465,202167
466,202593
467,203022
468,203458
469,203882
470,204321
471,204749
472,205188
473,205614
474,206044
475,206467
476,206894
477,207655
478,208098
479,208531
480,209010
481,209449
482,209886
483,210309
484,210732
485,211156
486,211581
487,212008
488,212441
489,212902
490,213357
491,213832
492,214303
493,214843
494,215307
495,215758
496,216207
497,216641
498,217080
499,217536
500,217992
501,218462
502,218925
503,219384
504,219862
505,220355
506,220823
507,221301
508,221757
509,222195
510,222652
511,223124
512,223594
513,224049
514,224524
515,224987
516,225423
517,225859
518,226293
519,226749
520,227201
521,227636
522,228064
523,228496
524,228936
525,229371
526,229813
527,230241
528,230667
529,231094
530,231521
531,231963
532,232398
533,232837
534,233271
535,233706
536,234142
537,234589
538,235025
539,235469
540,235937
541,236400
542,236850
543,237318
544,237776
545,238224
546,238679
547,239136
548,239576
549,240013
550,240456
551,240904
552,241339
553,241784
554,242213
555,242654
556,243101
557,243576
558,244069
559,244526
560,244959
561,245396
562,245832
563,246283
564,246767
565,247233
566,247699
567,248201
568,248669
569,249117
570,249573
571,250042
572,250513
573,250970
574,251461
575,251911
576,252398
577,252878
578,253310
579,253755
