1,430
2,853
3,1276
4,1699
5,2122
6,2550
7,2972
8,3398
9,3826
10,4250
11,4678
12,5110
13,5537
14,5964
15,6389
16,6813
17,7236
18,7659
19,8088
20,8515
21,8938
22,9362
23,9786
24,10213
25,10636
26,11061
27,11487
28,11907
29,12328
30,12749
31,13212
32,13675
33,14135
34,14634
35,15107
36,15536
37,16002
38,16446
39,16915
40,17393
41,17837
42,18303
43,18810
44,19267
45,19748
46,20211
47,20678
48,21130
49,21579
50,22025
51,22471
52,22912
53,23363
54,23810
55,24260
56,24701
57,25146
58,25600
59,26052
60,26503
61,26952
62,27413
63,27856
64,28318
65,28787
66,29236
67,29685
68,30139
69,30591
70,31046
71,31538
72,32070
73,32514
74,32964
75,33408
76,33852
77,34299
78,34765
79,35222
80,35675
81,36127
82,36580
83,37038
84,37501
85,37952
86,38411
87,38872
88,39325
89,39787
90,40240
91,40692
92,41150
93,41599
94,42054
95,42516
96,42974
97,43453
98,43918
99,44374
100,44832
101,45277
102,45723
103,46185
104,46647
105,47104
106,47565
107,48034
108,48505
109,48979
110,49426
111,49873
112,50328
113,50782
114,51241
115,51713
116,52184
117,52648
118,53097
119,53562
120,54023
121,54473
122,54919
123,55376
124,55844
125,56292
126,56751
127,57197
128,57657
129,58109
130,58553
131,59006
132,59451
133,59905
134,60353
135,60793
136,61239
137,61723
138,62186
139,62642
140,63106
141,63535
142,63981
143,64442
144,64904
145,65340
146,65795
147,66252
148,66723
149,67171
150,67609
151,68033
152,68477
153,68913
154,69350
155,69779
156,70211
157,70648
158,71078
159,71504
160,71933
161,72362
162,72792
163,73225
164,73672
165,74100
166,74534
167,74966
168,75393
169,75820
170,76249
171,76681
172,77112
173,77546
174,77974
175,78399
176,78826
177,79263
178,79694
179,80120
180,80544
181,80978
182,81402
183,81828
184,82257
185,82681
186,83106
187,83531
188,83963
189,84400
190,84834
191,85265
192,85689
193,86119
194,86544
195,86967
196,87391
197,87814
198,88240
199,88671
200,89095
201,89520
202,89950
203,90376
204,90810
205,91250
206,91708
207,92161
208,92626
209,93116
210,93552
211,93998
212,94446
213,94870
214,95295
215,95720
216,96153
217,96592
218,97068
219,97522
220,97947
221,98391
222,98833
223,99272
224,99705
225,100133
226,100556
227,100986
228,101412
229,101842
230,102274
231,102710
232,103175
233,103642
234,104115
235,104571
236,105054
237,105521
238,105956
239,106440
240,106877
241,107302
242,107727
243,108154
244,108580
245,109010
246,109451
247,109921
248,110378
249,110842
250,111264
251,111707
252,112147
253,112579
254,113012
255,113452
256,113896
257,114324
258,114764
259,115203
260,115635
261,116070
262,116494
263,116928
264,117353
265,117779
266,118208
267,118634
268,119069
269,119495
270,119965
271,120422
272,120869
273,121361
274,121823
275,122292
276,122753
277,123179
278,123620
279,124060
280,124493
281,124932
282,125380
283,125816
284,126255
285,126684
286,127113
287,127536
288,127959
289,128390
290,128817
291,129240
292,129669
293,130131
294,130585
295,131039
296,131484
297,131912
298,132374
299,132808
300,133274
301,133707
302,134143
303,134569
304,135032
305,135520
306,135969
307,136404
308,136829
309,137257
310,137682
311,138108
312,138537
313,138968
314,139406
315,139833
316,140255
317,140698
318,141130
319,141556
320,141985
321,142407
322,142835
323,143269
324,143705
325,144131
326,144558
327,144981
328,145404
329,145830
330,146252
331,146677
332,147104
333,147531
334,147963
335,148389
336,148816
337,149248
338,149710
339,150144
340,150565
341,150991
342,151413
343,151840
344,152273
345,152697
346,153148
347,153614
348,154071
349,154512
350,154945
351,155371
352,155801
353,156227
354,156650
355,157074
356,157498
357,157923
358,158377
359,158814
360,159263
361,159715
362,160191
363,160661
364,161100
365,161536
366,161967
367,162396
368,162822
369,163268
370,163690
371,164126
372,164566
373,164996
374,165419
375,165846
376,166274
377,166703
378,167133
379,167560
380,167987
381,168421
382,168856
383,169279
384,169720
385,170155
386,170584
387,171042
388,171503
389,171937
390,172362
391,172793
392,173225
393,173664
394,174102
395,174534
396,174961
397,175388
398,175817
399,176247
400,176681
401,177109
402,177538
403,177966
404,178391
405,178832
406,179261
407,179700
408,180136
409,180561
410,180989
411,181412
412,181854
413,182309
414,182777
415,183220
416,183679
417,184146
418,184604
419,185038
420,185478
421,185908
422,186350
423,186796
424,187236
425,187675
426,188119
427,188560
428,189000
429,189440
430,189881
431,190322
432,190758
433,191197
434,191629
435,192064
436,192529
437,193007
438,193460
439,193891
440,194316
441,194778
442,195213
443,195673
444,196107
445,196535
446,196972
447,197400
448,197838
449,198278
450,198733
451,199190
452,199650
453,200106
454,200552
455,201002
456,201441
457,201867
458,202300
459,202733
460,203161
461,203586
462,204047
463,204503
464,204988
465,205416
466,205841
467,206271
468,206693
469,207118
470,207569
471,208026
472,208466
473,208895
474,209328
475,209764
476,210190
477,210654
478,211119
479,211547
480,211974
481,212405
482,212842
483,213277
484,213701
485,214128
486,214554
487,214979
488,215439
489,215872
490,216299
491,216729
492,217157
493,217593
494,218055
495,218520
496,218970
497,219395
498,219825
499,220265
500,220709
501,221141
502,221571
503,222000
504,222430
505,222862
506,223300
507,223731
508,224164
509,224600
510,225032
511,225463
512,225891
513,226329
514,226794
515,227224
516,227651
517,228118
518,228579
519,229017
520,229444
521,229878
522,230341
523,230804
524,231232
525,231663
526,232098
527,232527
528,232965
529,233396
530,233838
531,234264
532,234726
533,235196
534,235637
535,236062
536,236486
537,236912
538,237345
539,237780
540,238221
541,238652
542,239080
543,239510
544,239936
545,240396
546,240868
547,241303
548,241735
549,242170
550,242605
551,243050
552,243487
553,243923
554,244387
555,244864
556,245321
557,245760
558,246185
559,246611
560,247042
561,247487
562,247929
563,248358
564,248792
565,249224
566,249667
567,250120
568,250548
569,250998
570,251457
571,251886
572,252313
573,252746
574,253221
575,253656
576,254082
577,254522
578,254982
579,255422
