1,448
2,882
3,1316
4,1771
5,2213
6,2667
7,3135
8,3586
9,4037
10,4469
11,4906
12,5343
13,5787
14,6239
15,6670
16,7099
17,7534
18,7958
19,8400
20,8846
21,9289
22,9727
23,10166
24,10606
25,11036
26,11468
27,11902
28,12336
29,12775
30,13204
31,13631
32,14110
33,14548
34,14972
35,15420
36,15880
37,16314
38,16773
39,17205
40,17636
41,18083
42,18521
43,18947
44,19371
45,19801
46,20233
47,20662
48,21089
49,21521
50,21947
51,22378
52,22811
53,23238
54,23672
55,24120
56,24564
57,25009
58,25495
59,25920
60,26376
61,26849
62,27314
63,27759
64,28214
65,28662
66,29145
67,29606
68,30029
69,30460
70,30887
71,31311
72,31741
73,32178
74,32611
75,33048
76,33488
77,33926
78,34377
79,34859
80,35321
81,35810
82,36246
83,36721
84,37198
85,37675
86,38114
87,38578
88,39027
89,39488
90,39946
91,40380
92,40851
93,41318
94,41763
95,42203
96,42657
97,43151
98,43595
99,44024
100,44446
101,44878
102,45304
103,45729
104,46157
105,46584
106,47008
107,47433
108,47867
109,48302
110,48747
111,49176
112,49609
113,50054
114,50480
115,50904
116,51327
117,51758
118,52182
119,52613
120,53050
121,53478
122,53906
123,54333
124,54767
125,55194
126,55620
127,56054
128,56479
129,56905
130,57337
131,57773
132,58205
133,58629
134,59055
135,59504
136,59949
137,60393
138,60829
139,61255
140,61683
141,62116
142,62542
143,62980
144,63415
145,63840
146,64265
147,64700
148,65133
149,65566
150,65999
151,66430
152,66861
153,67300
154,67738
155,68166
156,68593
157,69021
158,69461
159,69901
160,70334
161,70785
162,71479
163,72219
164,72946
165,73764
166,74499
167,75241
168,75955
169,76694
170,77305
171,77799
172,78329
173,78792
174,79235
175,79671
176,80104
177,80544
178,80982
179,81413
180,81838
181,82268
182,82719
183,83154
184,83592
185,84014
186,84441
187,84862
188,85290
189,85727
190,86161
191,86590
192,87047
193,87522
194,87995
195,88466
196,88918
197,89396
198,89861
199,90305
200,90754
201,91226
202,91658
203,92082
204,92524
205,92953
206,93382
207,93814
208,94240
209,94667
210,95092
211,95531
212,95962
213,96397
214,96832
215,97257
216,97690
217,98117
218,98558
219,98986
220,99413
221,99839
222,100274
223,100710
224,101145
225,101581
226,102011
227,102440
228,102889
229,103316
230,103745
231,104170
232,104600
233,105031
234,105486
235,105968
236,106430
237,106897
238,107330
239,107759
240,108189
241,108620
242,109047
243,109476
244,109907
245,110335
246,110761
247,111185
248,111611
249,112040
250,112466
251,112899
252,113325
253,113750
254,114177
255,114609
256,115039
257,115476
258,115902
259,116331
260,116813
261,117283
262,117746
263,118173
264,118627
265,119107
266,119541
267,119977
268,120420
269,120847
270,121282
271,121716
272,122147
273,122575
274,123017
275,123458
276,123900
277,124325
278,124753
279,125181
280,125612
281,126044
282,126481
283,126908
284,127333
285,127760
286,128184
287,128614
288,129040
289,129465
290,129888
291,130315
292,130747
293,131170
294,131599
295,132023
296,132446
297,132872
298,133295
299,133725
300,134152
301,134578
302,135002
303,135425
304,135859
305,136298
306,136722
307,137146
308,137578
309,138017
310,138443
311,138871
312,139302
313,139734
314,140159
315,140588
316,141015
317,141442
318,141871
319,142297
320,142727
321,143152
322,143575
323,144000
324,144422
325,144842
326,145264
327,145687
328,146108
329,146529
330,146950
331,147375
332,147802
333,148223
334,148652
335,149075
336,149495
337,149916
338,150344
339,150764
340,151185
341,151607
342,152029
343,152453
344,152876
345,153299
346,153724
347,154146
348,154567
349,154987
350,155408
351,155829
352,156250
353,156674
354,157096
355,157526
356,157947
357,158371
358,158792
359,159214
360,159642
361,160063
362,160484
363,160905
364,161331
365,161752
366,162172
367,162595
368,163023
369,163463
370,163885
371,164309
372,164736
373,165157
374,165579
375,166001
376,166421
377,166845
378,167265
379,167692
380,168113
381,168546
382,168969
383,169392
384,169819
385,170245
386,170670
387,171091
388,171513
389,171935
390,172362
391,172783
392,173207
393,173628
394,174050
395,174476
396,174896
397,175321
398,175741
399,176171
400,176592
401,177014
402,177434
403,177857
404,178283
405,178704
406,179130
407,179550
408,179971
409,180395
410,180819
411,181240
412,181668
413,182090
414,182511
415,182931
416,183361
417,183781
418,184204
419,184629
420,185051
421,185476
422,185902
423,186329
424,186751
425,187174
426,187594
427,188016
428,188437
429,188864
430,189290
431,189714
432,190136
433,190561
434,190984
435,191409
436,191832
437,192252
438,192681
439,193104
440,193524
441,193947
442,194373
443,194794
444,195218
445,195639
446,196060
447,196485
448,196905
449,197328
450,197754
451,198175
452,198596
453,199020
454,199441
455,199862
456,200286
457,200707
458,201130
459,201550
460,201972
461,202395
462,202819
463,203247
464,203671
465,204093
466,204514
467,204934
468,205364
469,205821
470,206244
471,206667
472,207089
473,207513
474,207936
475,208362
476,208783
477,209206
478,209629
479,210051
480,210472
481,210893
482,211315
483,211736
484,212158
485,212579
486,213001
487,213426
488,213852
489,214278
490,214705
491,215126
492,215549
493,215970
494,216395
495,216817
496,217239
497,217660
498,218083
499,218507
500,218936
501,219362
502,219783
503,220205
504,220626
505,221048
506,221478
507,221899
508,222320
509,222748
510,223169
511,223594
512,224015
513,224441
514,224862
515,225293
516,225713
517,226135
518,226557
519,227019
520,227497
521,227955
522,228422
523,228861
524,229327
525,229795
526,230256
527,230700
528,231157
529,231610
530,232075
531,232534
532,233001
533,233462
534,233919
535,234386
536,234827
537,235295
538,235744
539,236200
540,236646
541,237119
542,237570
543,238045
544,238526
545,238980
546,239431
547,239903
548,240378
549,240818
550,241296
551,241741
552,242183
553,242622
554,243072
555,243527
556,243973
557,244410
558,244834
559,245259
560,245693
561,246118
562,246544
563,246974
564,247403
565,247838
566,248314
567,248769
568,249211
569,249685
570,250139
571,250595
572,251097
573,251581
574,252069
575,252497
576,252922
577,253346
578,253817
579,254253
