1,424
2,851
3,1274
4,1703
5,2132
6,2558
7,3013
8,3496
9,3960
10,4426
11,4888
12,5366
13,5811
14,6262
15,6694
16,7118
17,7550
18,7976
19,8440
20,8932
21,9364
22,9840
23,10305
24,10737
25,11173
26,11659
27,12091
28,12553
29,13019
30,13458
31,13915
32,14345
33,14782
34,15213
35,15649
36,16073
37,16500
38,16924
39,17351
40,17782
41,18213
42,18641
43,19068
44,19503
45,19963
46,20411
47,20839
48,21294
49,21747
50,22190
51,22616
52,23042
53,23465
54,23900
55,24336
56,24775
57,25217
58,25647
59,26089
60,26517
61,26943
62,27379
63,27808
64,28233
65,28655
66,29085
67,29508
68,29952
69,30374
70,30797
71,31227
72,31650
73,32073
74,32498
75,32921
76,33343
77,33767
78,34189
79,34612
80,35036
81,35461
82,35892
83,36317
84,36767
85,37193
86,37616
87,38044
88,38476
89,38927
90,39386
91,39831
92,40257
93,40694
94,41127
