1,441
2,875
3,1297
4,1719
5,2141
6,2563
7,2985
8,3407
9,3837
10,4259
11,4691
12,5115
13,5536
14,5959
15,6381
16,6836
17,7301
18,7761
19,8214
20,8675
21,9163
22,9605
23,10033
24,10454
25,10880
26,11315
27,11779
28,12218
29,12645
30,13081
31,13503
32,13930
33,14353
34,14777
35,15208
36,15631
37,16055
38,16481
39,16913
40,17337
41,17759
42,18181
43,18615
44,19041
45,19464
46,19886
47,20309
48,20732
49,21169
50,21631
51,22107
52,22572
53,22997
54,23420
55,23844
56,24268
57,24736
58,25194
59,25654
60,26130
61,26601
62,27070
63,27576
64,28033
65,28489
