1,427
2,848
3,1268
4,1692
5,2112
6,2534
7,2955
8,3383
9,3837
10,4293
11,4724
12,5147
13,5579
14,6044
15,6520
16,6991
17,7436
18,7877
19,8308
20,8737
21,9164
22,9595
23,10023
24,10454
25,10888
26,11317
27,11745
28,12180
29,12615
30,13065
31,13550
32,13989
33,14427
34,14887
35,15358
36,15820
37,16292
38,16720
39,17176
40,17625
41,18405
42,18876
43,19318
44,19801
45,20287
46,20762
47,21224
48,21702
49,22185
50,22684
51,23212
52,23745
53,24235
54,24696
55,25238
56,25755
57,26283
58,26755
59,27245
60,27709
61,28178
62,28632
63,29097
64,29550
65,30128
66,30629
67,31069
68,31502
69,31931
70,32391
71,32859
72,33308
73,33783
74,34248
75,34709
76,35189
77,35662
78,36141
79,36615
80,37096
81,37581
82,38064
83,38499
84,38932
85,39416
86,39857
87,40319
88,40808
89,41255
90,41686
91,42114
92,42545
93,42972
94,43406
95,43848
96,44288
97,44746
98,45173
99,45601
100,46079
101,46562
102,47022
103,47512
104,47979
105,48431
106,48914
107,49378
108,49855
109,50311
110,50733
111,51158
112,51616
113,52042
114,52471
115,52921
116,53379
117,53829
118,54311
119,54767
