1,450
2,889
3,1335
4,1799
5,2246
6,2689
7,3154
8,3586
9,4018
10,4450
11,4880
12,5309
13,5740
14,6172
15,6603
16,7030
17,7457
18,7896
19,8326
20,8753
21,9176
22,9600
23,10024
24,10457
25,10889
26,11318
27,11747
28,12177
29,12599
30,13033
31,13468
32,13939
33,14376
34,14808
35,15248
36,15699
37,16139
38,16567
39,17000
40,17435
41,17858
42,18286
43,18712
44,19149
45,19584
46,20017
47,20452
48,20888
49,21334
50,21767
51,22208
52,22640
53,23083
54,23513
55,23943
56,24375
57,24804
58,25236
59,25662
60,26087
61,26522
62,26968
63,27409
64,27838
65,28271
66,28698
67,29129
68,29562
69,29993
70,30438
71,30863
72,31297
73,31733
74,32159
75,32597
76,33030
77,33455
78,33928
79,34370
80,34817
81,35285
82,35713
83,36201
84,36664
85,37093
86,37569
87,38001
88,38432
89,38862
90,39285
91,39711
92,40136
93,40558
94,40981
95,41404
96,41829
97,42255
98,42680
99,43142
100,43601
101,44081
102,44514
103,44949
104,45380
105,45820
106,46260
107,46696
108,47124
109,47549
110,47981
111,48407
112,48835
113,49269
114,49701
115,50132
116,50558
117,50984
118,51430
119,51861
120,52290
121,52772
122,53231
123,53687
124,54176
125,54621
126,55102
127,55568
128,56046
129,56529
130,56994
131,57451
132,57902
133,58351
134,58794
135,59246
136,59679
137,60126
138,60564
139,61010
140,61467
141,61917
142,62365
143,62811
144,63257
145,63703
146,64177
147,64641
148,65101
149,65573
150,66039
151,66473
152,66923
153,67380
154,67843
155,68297
156,68756
157,69204
158,69625
159,70048
160,70473
161,70896
162,71330
163,71758
164,72182
165,72615
166,73039
167,73465
168,73899
169,74328
170,74770
171,75203
172,75644
173,76103
174,76558
175,77015
176,77484
177,77957
178,78433
179,78873
180,79329
181,79778
182,80217
183,80691
184,81131
185,81577
186,82028
187,82497
188,82956
189,83418
190,83891
191,84348
192,84819
193,85291
194,85757
195,86208
196,86649
197,87117
198,87572
199,88039
200,88472
201,88942
202,89381
203,89808
204,90298
205,90759
206,91212
207,91653
208,92100
209,92543
210,93001
211,93465
212,93919
213,94351
214,94809
215,95241
216,95666
217,96091
218,96513
219,96939
220,97366
221,97792
222,98220
223,98642
224,99068
225,99493
226,99923
227,100346
228,100772
229,101206
230,101634
231,102063
232,102495
233,102919
234,103340
235,103765
236,104187
237,104609
238,105031
239,105454
240,105882
241,106307
242,106729
243,107154
244,107577
245,108004
246,108428
247,108850
248,109279
249,109700
250,110122
251,110550
252,110974
253,111405
254,111829
255,112260
256,112687
257,113115
258,113540
259,113964
260,114391
261,114813
262,115234
263,115656
264,116078
265,116501
266,116921
267,117342
268,117763
269,118185
270,118628
271,119048
272,119470
273,119896
274,120319
275,120743
276,121164
277,121587
278,122009
279,122432
280,122855
281,123277
282,123701
283,124127
284,124559
285,124984
286,125407
287,125835
288,126261
289,126694
290,127122
291,127557
292,127987
293,128415
294,128839
295,129269
296,129698
297,130144
298,130574
299,131041
300,131472
301,131913
302,132343
303,132770
304,133232
305,133690
306,134147
307,134583
308,135011
309,135435
310,135875
311,136321
312,136750
313,137227
314,137685
315,138145
316,138567
317,138988
318,139412
319,139874
320,140309
321,140742
322,141215
323,141658
