1,428
2,853
3,1280
4,1711
5,2140
6,2570
7,2993
8,3430
9,3863
10,4289
11,4713
12,5142
13,5566
14,5997
15,6426
16,6851
17,7280
18,7708
19,8175
20,8641
21,9075
22,9567
23,10034
24,10460
25,10922
26,11356
27,11799
28,12304
29,12764
30,13205
31,13657
32,14125
33,14620
34,15124
35,15576
36,16032
37,16481
38,16936
39,17372
40,17807
41,18242
42,18670
43,19121
44,19573
45,20041
46,20514
47,20950
48,21381
49,21809
50,22241
51,22668
52,23094
53,23553
54,24010
55,24456
56,24885
57,25322
58,25762
59,26236
60,26664
61,27143
62,27585
63,28041
64,28485
65,28908
66,29339
67,29784
68,30227
69,30686
70,31162
71,31626
72,32062
73,32517
74,32961
75,33427
76,33861
77,34286
78,34710
79,35137
80,35562
81,35986
82,36415
83,36861
84,37318
85,37769
86,38221
87,38669
88,39156
89,39607
90,40062
91,40553
92,41004
93,41453
94,41885
95,42331
96,42774
97,43200
98,43657
99,44104
100,44538
101,45011
102,45462
103,45951
104,46420
105,46885
106,47314
107,47745
108,48168
109,48600
110,49042
111,49496
112,49961
113,50408
114,50856
115,51284
116,51766
117,52208
118,52655
119,53111
120,53600
121,54069
122,54540
123,54986
124,55430
125,55883
126,56314
127,56784
128,57208
129,57629
130,58050
131,58471
132,58892
133,59315
134,59740
135,60161
136,60582
137,61002
138,61422
139,61843
140,62266
141,62689
142,63111
143,63534
144,63963
145,64385
146,64811
147,65231
148,65652
149,66078
150,66555
151,67000
152,67434
153,67881
154,68358
155,68818
156,69263
157,69724
158,70197
159,70633
160,71099
161,71548
162,71973
163,72416
164,72877
165,73339
166,73792
167,74223
168,74651
169,75070
170,75498
171,75949
172,76417
173,76871
174,77340
175,77777
176,78209
177,78664
178,79113
179,79569
180,80051
181,80507
182,80940
183,81361
