1,432
2,854
3,1275
4,1698
5,2120
6,2544
7,2966
8,3388
9,3813
10,4240
11,4661
12,5082
13,5502
14,5924
15,6345
16,6767
17,7189
18,7615
19,8036
20,8457
21,8878
22,9298
23,9720
24,10163
25,10600
26,11049
27,11502
28,11949
29,12380
30,12804
31,13225
32,13648
33,14070
34,14492
35,14913
36,15363
37,15795
38,16256
39,16727
40,17199
41,17696
42,18184
43,18664
44,19136
45,19602
46,20108
47,20559
48,21002
49,21443
50,21866
51,22309
52,22755
53,23185
54,23618
55,24048
56,24487
57,24914
58,25339
59,25767
60,26194
61,26636
62,27071
63,27502
64,27934
65,28374
66,28812
67,29241
68,29678
69,30110
70,30546
71,30973
72,31400
73,31825
74,32249
75,32672
76,33092
77,33513
78,33936
79,34361
80,34786
81,35223
82,35653
83,36084
84,36522
85,36946
86,37371
87,37793
88,38214
89,38637
90,39072
91,39499
92,39929
93,40368
94,40797
95,41227
96,41650
97,42086
98,42516
99,42944
100,43377
101,43806
102,44227
103,44648
104,45082
105,45519
106,45940
107,46364
108,46792
109,47246
110,47675
111,48114
112,48556
113,48984
114,49409
115,49831
116,50253
117,50675
118,51095
119,51518
120,51945
121,52375
122,52800
123,53221
124,53641
125,54063
126,54484
127,54904
128,55326
129,55747
130,56168
131,56588
132,57009
133,57429
134,57850
135,58270
136,58696
137,59124
138,59578
139,60050
140,60539
141,60993
142,61436
143,61874
144,62316
145,62771
146,63214
147,63646
148,64101
149,64545
150,64993
151,65424
152,65869
153,66346
154,66822
155,67285
156,67747
157,68184
158,68651
159,69155
160,69606
161,70049
162,70498
163,70942
164,71370
165,71797
166,72228
167,72688
168,73170
169,73620
170,74080
171,74547
172,75026
173,75511
174,75992
175,76461
176,76938
177,77429
178,77873
179,78344
180,78786
181,79225
182,79665
183,80110
184,80566
185,81041
186,81516
187,81964
188,82404
189,82871
190,83333
191,83802
192,84264
193,84744
194,85212
195,85676
196,86151
197,86617
198,87084
199,87511
200,87970
201,88438
202,88913
203,89394
204,89843
205,90334
206,90854
207,91375
208,91905
209,92396
210,92924
211,93398
212,93888
213,94343
214,94826
215,95290
216,95780
217,96293
218,96780
219,97368
220,97895
221,98418
222,98955
223,99465
224,99959
225,100446
226,100936
227,101406
228,101869
229,102344
230,102822
231,103288
232,103784
233,104242
234,104736
235,105185
236,105653
237,106126
238,106603
239,107083
240,107549
241,108009
242,108494
243,108959
244,109435
245,109895
246,110398
247,110866
248,111352
249,111825
250,112316
251,112798
252,113288
253,113778
254,114421
255,114901
256,115367
257,115843
258,116317
259,116808
260,117294
261,117759
262,118222
263,118718
264,119191
265,119656
266,120121
267,120571
268,121049
269,121517
270,121977
271,122446
272,122932
273,123412
274,123902
275,124371
276,124836
277,125317
278,125778
279,126248
280,126740
281,127225
282,127701
283,128184
284,128674
285,129140
286,129582
287,130009
288,130475
289,130934
290,131407
291,131833
292,132260
293,132688
294,133112
295,133543
296,133974
297,134405
298,134838
299,135262
300,135690
301,136115
302,136540
303,136965
304,137393
305,137818
306,138241
307,138665
308,139088
309,139510
310,139934
311,140359
312,140783
313,141214
314,141638
315,142064
316,142486
317,142909
318,143335
319,143757
320,144180
321,144603
322,145026
323,145448
324,145879
325,146302
326,146725
327,147148
328,147576
329,148001
330,148424
331,148847
332,149304
333,149776
334,150200
335,150643
336,151104
337,151566
338,152048
339,152518
340,152956
341,153417
342,153882
343,154343
344,154805
345,155267
346,155721
347,156147
348,156595
349,157046
350,157495
351,157954
352,158397
353,158855
354,159282
355,159722
356,160186
357,160667
358,161125
359,161599
360,162060
361,162503
362,162936
363,163374
364,163810
365,164237
366,164665
367,165091
368,165516
369,165938
370,166361
371,166792
372,167231
373,167661
374,168086
375,168511
