1,432
2,862
3,1294
4,1719
5,2144
6,2578
7,3002
8,3426
9,3849
10,4273
11,4700
12,5122
13,5545
14,5975
15,6408
16,6832
17,7289
18,7750
19,8248
20,8683
21,9117
22,9549
23,9982
24,10408
25,10832
26,11262
27,11686
28,12109
29,12594
30,13025
31,13486
32,13957
33,14438
34,14868
35,15297
36,15723
37,16151
38,16577
39,17005
40,17433
41,17860
42,18287
43,18713
44,19144
45,19576
46,20004
47,20438
48,20860
49,21284
50,21713
51,22147
52,22582
53,23012
54,23443
55,23871
56,24294
57,24723
58,25159
59,25584
60,26010
61,26433
62,26858
63,27291
