1,443
2,879
3,1307
4,1741
5,2176
6,2602
7,3060
8,3501
9,3971
10,4417
11,4869
12,5318
13,5771
14,6216
15,6680
16,7152
17,7603
18,8043
19,8479
20,8910
21,9344
22,9787
23,10259
24,10723
25,11203
26,11662
27,12115
28,12575
29,13034
30,13498
31,13966
32,14423
33,14884
34,15327
35,15755
36,16206
37,16687
38,17144
39,17626
40,18087
41,18555
42,19035
43,19518
44,19998
45,20454
46,20939
47,21406
48,21835
49,22275
50,22701
51,23134
52,23574
53,24040
54,24464
55,24892
56,25321
57,25756
58,26183
59,26611
60,27040
61,27464
62,27900
63,28336
64,28770
65,29210
66,29639
67,30076
68,30502
69,30931
70,31362
71,31789
72,32218
73,32644
74,33119
75,33575
76,34010
77,34439
78,34883
79,35315
80,35742
81,36185
82,36621
83,37072
84,37508
85,37954
86,38402
87,38852
88,39284
89,39726
90,40167
91,40647
92,41086
93,41541
94,41994
95,42458
96,42913
97,43348
98,43787
99,44250
100,44679
101,45143
102,45601
103,46034
104,46497
105,46960
106,47445
107,47878
108,48311
109,48758
110,49227
111,49696
112,50167
113,50619
114,51063
115,51526
116,51974
117,52429
118,52916
119,53361
120,53788
121,54211
122,54660
123,55098
124,55572
125,56039
126,56495
127,56922
128,57373
129,57804
130,58249
131,58684
132,59109
133,59536
134,59971
135,60395
136,60825
137,61263
138,61696
139,62123
140,62547
141,63020
142,63491
143,63943
144,64432
145,64891
146,65325
147,65759
148,66210
149,66653
150,67119
151,67560
152,67993
153,68464
154,68928
155,69352
156,69788
157,70217
158,70644
159,71077
160,71503
161,71933
162,72369
163,72801
164,73228
165,73671
166,74105
167,74530
168,74967
169,75393
170,75827
171,76253
172,76690
173,77125
174,77561
175,77992
176,78451
177,78911
178,79383
179,79845
180,80312
181,80762
182,81228
183,81694
184,82172
185,82645
186,83092
187,83552
188,83989
189,84464
190,84919
191,85373
192,85834
193,86265
194,86693
195,87116
196,87540
197,87961
198,88381
199,88810
200,89234
201,89716
202,90188
203,90608
204,91032
205,91458
206,91908
207,92356
208,92852
209,93285
210,93708
211,94133
212,94560
213,94994
214,95419
215,95844
216,96265
217,96689
218,97116
219,97541
220,97963
221,98387
222,98809
223,99238
224,99664
225,100089
226,100518
227,100945
228,101369
229,101788
230,102213
231,102635
232,103068
233,103536
234,103995
235,104438
236,104909
237,105379
238,105838
239,106284
240,106763
241,107209
242,107636
243,108067
244,108491
245,108922
246,109346
247,109821
248,110289
249,110748
250,111179
251,111598
252,112024
253,112452
254,112894
255,113317
256,113741
257,114169
258,114591
259,115016
260,115485
261,115909
262,116331
263,116754
264,117177
265,117603
266,118026
267,118447
268,118887
269,119309
270,119734
271,120158
272,120589
273,121017
274,121445
275,121877
276,122304
277,122727
278,123218
279,123672
280,124100
281,124536
282,124983
283,125414
284,125850
285,126290
286,126726
287,127161
288,127585
289,128009
290,128438
291,128867
292,129295
293,129720
294,130144
295,130576
296,131001
297,131426
298,131851
299,132281
300,132711
301,133140
302,133562
303,133984
304,134405
305,134829
306,135254
307,135677
308,136103
309,136529
310,136953
311,137422
312,137882
313,138368
314,138805
315,139228
316,139651
317,140076
318,140511
319,140956
320,141390
321,141829
322,142256
323,142687
324,143117
325,143557
326,143992
327,144420
328,144843
329,145264
330,145686
331,146109
332,146530
333,146953
334,147375
335,147847
336,148268
337,148724
338,149151
339,149583
340,150006
341,150449
342,150911
343,151361
344,151816
345,152273
346,152742
347,153204
348,153666
349,154151
350,154588
351,155050
352,155498
353,155958
354,156392
355,156835
356,157294
357,157751
358,158197
359,158673
360,159161
361,159608
362,160037
363,160468
364,160899
365,161326
366,161763
367,162224
368,162675
369,163147
370,163600
371,164034
372,164463
373,164890
374,165321
375,165748
376,166181
377,166608
378,167033
379,167470
380,167897
381,168328
382,168753
383,169186
384,169614
385,170048
386,170478
387,170918
388,171352
389,171814
390,172279
391,172747
392,173184
393,173613
394,174046
395,174471
396,174901
397,175328
398,175754
399,176182
400,176606
401,177042
402,177472
403,177922
404,178384
405,178865
406,179341
407,179794
408,180221
409,180648
410,181078
411,181506
412,181938
413,182381
414,182813
415,183253
416,183697
417,184137
418,184570
419,185002
420,185439
421,185873
422,186309
423,186736
424,187185
425,187617
426,188049
427,188477
428,188909
429,189339
430,189769
431,190211
432,190643
433,191078
434,191511
435,191951
436,192375
437,192806
438,193230
439,193657
440,194086
441,194520
442,194949
443,195382
444,195810
445,196234
446,196665
447,197094
448,197523
449,197958
450,198392
451,198818
452,199250
453,199675
454,200101
455,200528
456,200962
457,201392
458,201818
459,202242
460,202676
461,203115
462,203550
463,203973
464,204435
465,204900
466,205405
467,205866
468,206324
469,206792
470,207261
471,207689
472,208145
473,208575
474,209028
475,209497
476,209957
477,210395
478,210842
479,211295
480,211742
481,212199
482,212672
483,213163
484,213588
485,214016
486,214446
487,214879
488,215304
489,215728
490,216157
491,216580
492,217004
493,217428
494,217862
495,218288
496,218712
497,219139
498,219570
499,220007
500,220438
501,220868
502,221305
503,221738
504,222164
505,222587
506,223014
507,223458
508,223886
509,224319
510,224745
511,225169
512,225598
513,226022
514,226444
515,226877
516,227301
517,227724
518,228148
519,228571
520,228995
521,229423
522,229855
523,230279
524,230702
525,231124
526,231557
527,231981
528,232408
529,232833
530,233255
531,233675
532,234099
533,234522
534,234943
535,235365
536,235787
537,236209
538,236631
539,237052
540,237474
541,237895
542,238316
543,238737
544,239167
545,239591
546,240012
547,240434
548,240855
549,241275
550,241696
551,242115
552,242538
553,242960
554,243386
555,243807
556,244231
557,244658
558,245078
559,245500
560,245921
561,246342
562,246764
563,247218
564,247660
565,248085
566,248516
567,248943
568,249376
569,249801
570,250241
571,250661
