1,475
2,958
3,1386
4,1874
5,2329
6,2819
7,3278
8,3774
9,4244
10,4708
11,5140
12,5561
13,5990
14,6411
15,6833
16,7255
17,7677
18,8103
19,8527
20,8949
21,9374
22,9798
23,10227
24,10654
25,11100
26,11531
27,11952
28,12374
29,12794
30,13219
31,13640
32,14064
33,14484
34,14905
35,15326
36,15755
37,16180
38,16601
39,17030
40,17452
41,17873
42,18294
43,18715
44,19141
45,19576
46,20018
47,20447
48,20874
49,21299
50,21720
51,22148
52,22568
53,22990
54,23412
55,23832
56,24255
57,24683
58,25118
59,25537
60,25960
61,26380
62,26804
63,27228
64,27649
65,28081
66,28502
67,28923
68,29344
69,29765
70,30192
71,30611
72,31037
73,31458
74,31884
75,32308
76,32732
77,33157
78,33579
79,34000
80,34424
81,34846
82,35268
83,35689
84,36113
85,36535
86,36956
87,37377
88,37800
89,38227
90,38651
91,39083
92,39510
93,39931
94,40353
95,40774
96,41201
97,41622
98,42048
99,42472
100,42896
101,43323
102,43748
103,44171
104,44594
105,45020
106,45441
107,45862
108,46286
109,46707
110,47130
111,47551
112,47971
113,48393
114,48819
115,49245
116,49667
117,50096
118,50518
119,50941
120,51362
121,51783
122,52211
123,52630
124,53053
125,53480
126,53904
127,54329
128,54754
129,55175
130,55600
131,56021
132,56442
133,56863
134,57288
135,57710
136,58135
137,58561
138,58982
139,59409
140,59837
141,60260
142,60683
143,61112
144,61534
145,61956
146,62379
147,62805
148,63226
149,63646
150,64069
151,64494
152,64921
153,65343
154,65768
155,66193
156,66617
157,67039
158,67464
159,67886
160,68307
161,68729
162,69154
163,69575
164,69996
165,70418
166,70841
167,71266
168,71693
169,72129
170,72550
171,72973
172,73396
173,73822
174,74246
175,74668
176,75090
177,75512
178,75939
179,76363
180,76791
181,77217
182,77638
183,78060
184,78481
185,78904
186,79328
187,79752
188,80173
189,80595
190,81016
191,81437
192,81864
193,82290
194,82720
195,83145
196,83568
197,83993
198,84417
199,84844
200,85270
201,85693
202,86115
203,86537
204,86961
205,87383
206,87811
207,88231
208,88652
209,89074
210,89500
211,89921
212,90343
213,90764
214,91189
215,91609
216,92029
217,92450
218,92875
219,93297
220,93725
221,94148
222,94569
223,94989
224,95409
225,95830
226,96255
227,96678
228,97098
229,97520
230,97944
231,98364
232,98790
233,99212
234,99635
235,100056
236,100478
237,100900
238,101323
239,101746
240,102171
241,102591
242,103015
243,103437
244,103862
245,104283
246,104710
247,105134
248,105559
249,105981
250,106402
251,106828
252,107254
253,107676
254,108096
255,108518
256,108943
257,109366
258,109791
259,110213
260,110635
261,111055
262,111477
263,111897
264,112318
265,112741
266,113163
267,113585
268,114006
269,114427
270,114854
271,115275
272,115696
273,116124
274,116545
275,116966
276,117387
277,117812
278,118234
279,118656
280,119078
281,119498
282,119922
283,120346
284,120769
285,121193
286,121614
287,122035
288,122455
289,122875
290,123296
291,123720
292,124140
293,124567
294,124990
295,125410
296,125832
297,126256
298,126679
299,127105
300,127527
301,127947
302,128368
303,128795
304,129218
305,129643
306,130063
307,130485
308,130910
309,131333
310,131759
311,132180
312,132602
313,133023
314,133444
315,133866
316,134296
317,134764
318,135238
319,135716
320,136203
321,136684
322,137131
323,137606
324,138077
325,138539
326,138994
327,139450
328,139924
329,140395
330,140851
331,141311
332,141762
333,142217
334,142686
335,143160
336,143620
337,144086
338,144545
339,145046
340,145502
341,145991
342,146447
343,146935
344,147409
345,147840
346,148270
347,148696
348,149122
349,149557
350,149999
351,150431
352,150857
353,151285
354,151714
355,152141
356,152568
357,152995
358,153421
359,153847
360,154284
361,154714
362,155144
363,155578
364,156004
365,156433
366,156898
367,157344
368,157833
369,158279
370,158721
371,159182
372,159686
373,160187
374,160652
375,161136
376,161598
377,162052
378,162505
379,162968
380,163420
381,163881
382,164332
383,164784
384,165251
385,165706
386,166159
387,166608
388,167062
389,167511
390,167972
391,168420
392,168867
393,169329
394,169785
395,170232
396,170677
397,171121
398,171571
399,172035
400,172483
401,172936
402,173384
403,173829
404,174289
405,174753
406,175195
407,175648
408,176104
409,176554
410,177000
411,177445
412,177897
413,178343
414,178788
415,179253
416,179694
417,180142
418,180591
419,181041
420,181486
421,181925
422,182381
423,182827
424,183278
425,183732
426,184186
427,184638
428,185086
429,185536
430,185983
431,186430
432,186877
433,187316
434,187759
435,188204
436,188650
437,189096
438,189544
439,189996
440,190443
441,190894
442,191354
443,191807
444,192261
445,192707
446,193166
447,193616
448,194067
449,194520
450,194974
451,195420
452,195870
453,196307
454,196750
455,197190
456,197635
457,198082
458,198521
459,198968
460,199412
461,199860
462,200302
463,200740
464,201178
465,201626
466,202071
467,202518
468,202962
469,203401
470,203837
471,204283
472,204721
473,205222
474,205693
475,206178
476,206632
477,207106
478,207562
479,208036
480,208501
481,208961
482,209409
483,209853
484,210307
485,210767
486,211195
487,211660
488,212130
489,212614
490,213087
491,213523
492,213986
493,214459
494,214940
495,215386
496,215859
497,216353
498,216869
499,217311
500,217744
501,218215
502,218675
503,219148
504,219594
505,220044
506,220478
507,220930
508,221406
509,221868
510,222343
511,222820
512,223292
513,223761
514,224231
515,224710
516,225184
517,225654
518,226117
519,226557
520,226994
521,227452
522,227899
523,228359
524,228807
525,229270
526,229720
527,230184
528,230648
529,231109
530,231574
531,232029
532,232517
533,232991
534,233467
535,233945
536,234427
537,234904
538,235369
539,235823
540,236283
541,236772
542,237246
543,237714
544,238198
545,238667
546,239146
547,239635
548,240093
549,240552
550,241022
551,241495
552,241964
553,242450
554,242922
555,243381
556,243846
557,244321
558,244787
559,245256
560,245735
561,246204
562,246683
563,247135
564,247592
565,248051
566,248521
567,248984
568,249407
569,249860
570,250310
571,250774
572,251199
573,251629
574,252059
575,252492
576,252926
577,253354
578,253822
579,254269
