1,445
2,909
3,1361
4,1822
5,2277
6,2720
7,3166
8,3667
9,4124
10,4570
11,5012
12,5436
13,5857
14,6280
15,6700
16,7124
17,7544
18,7965
19,8393
20,8817
21,9266
22,9687
23,10108
24,10535
25,10957
26,11380
27,11801
28,12223
29,12644
30,13065
31,13488
32,13935
33,14392
34,14824
35,15273
36,15716
37,16180
38,16603
39,17031
40,17451
41,17877
42,18300
43,18721
44,19142
45,19565
46,19990
47,20410
48,20831
49,21251
50,21675
51,22097
52,22519
53,22939
54,23360
55,23780
56,24201
57,24623
58,25049
59,25472
60,25900
61,26321
62,26744
63,27166
64,27589
65,28011
66,28435
67,28856
68,29279
69,29701
70,30123
71,30544
72,30964
73,31385
74,31805
75,32227
76,32647
77,33068
78,33490
79,33913
80,34334
81,34757
82,35177
83,35602
84,36023
85,36446
86,36866
87,37287
88,37709
89,38131
90,38553
91,38980
92,39402
93,39822
94,40246
95,40666
96,41089
97,41512
98,41932
99,42354
100,42774
101,43196
102,43616
103,44037
104,44459
105,44880
106,45300
107,45720
108,46140
109,46560
110,46980
111,47404
112,47823
113,48245
114,48670
115,49097
116,49517
117,49940
118,50361
119,50780
120,51201
121,51621
122,52042
123,52462
124,52882
125,53303
126,53722
127,54146
128,54577
129,55003
130,55428
131,55893
132,56336
133,56771
134,57199
135,57624
136,58044
137,58470
138,58894
139,59321
140,59760
141,60187
142,60623
143,61055
144,61504
145,61946
146,62423
147,62882
148,63319
149,63745
150,64174
151,64603
152,65025
153,65445
154,65866
155,66291
156,66714
157,67156
158,67582
159,68018
160,68470
161,68916
162,69345
163,69801
164,70231
165,70658
166,71094
167,71519
168,71964
169,72398
170,72870
171,73307
172,73767
173,74233
174,74664
175,75101
176,75536
177,75994
178,76444
179,76869
180,77330
181,77752
182,78181
183,78613
184,79090
185,79516
186,79952
187,80396
188,80818
189,81304
190,81742
191,82178
192,82628
193,83057
194,83496
195,83951
196,84389
197,84835
198,85298
199,85784
200,86246
201,86707
202,87170
203,87650
204,88117
205,88582
206,89021
207,89463
208,89899
209,90342
210,90777
211,91209
212,91638
213,92115
