1,425
2,849
3,1271
4,1700
5,2161
6,2622
7,3055
8,3485
9,3913
10,4367
11,4823
12,5294
13,5721
14,6149
15,6580
16,7003
17,7433
18,7868
19,8291
20,8713
21,9141
22,9579
23,10041
24,10489
25,10940
26,11384
27,11817
28,12241
29,12683
30,13121
31,13580
32,14050
33,14488
34,14947
35,15415
36,15886
37,16313
38,16738
39,17169
40,17598
41,18030
42,18463
43,18897
44,19326
45,19763
46,20196
47,20627
48,21051
49,21481
50,21911
51,22651
52,23106
53,23538
54,23984
55,24425
56,24876
57,25350
58,25822
59,26279
60,26722
61,27204
62,27660
63,28104
64,28569
65,29032
66,29464
67,29905
68,30354
69,30811
70,31262
71,31703
72,32164
73,32630
74,33075
75,33533
76,33972
77,34425
78,34883
79,35343
80,35803
81,36267
82,36704
83,37191
84,37632
85,38090
86,38554
87,38999
88,39427
89,39858
90,40311
91,40756
92,41184
93,41609
94,42036
95,42458
96,42882
97,43306
98,43750
99,44202
100,44663
101,45100
102,45558
103,46014
104,46482
105,46914
106,47371
107,47825
108,48281
109,48712
110,49144
111,49578
112,50023
113,50454
114,50883
115,51313
116,51741
117,52170
118,52618
119,53077
120,53534
121,53974
122,54409
123,54862
124,55295
125,55749
126,56183
127,56607
128,57038
129,57476
130,57919
131,58360
132,58800
133,59265
134,59716
135,60171
136,60600
137,61021
138,61442
139,61877
140,62300
141,62723
142,63149
143,63576
144,64000
145,64426
146,64851
147,65283
148,65707
149,66132
150,66559
151,67068
152,67495
153,67923
154,68345
155,68767
156,69189
157,69615
158,70038
159,70460
160,70883
161,71309
162,71733
163,72155
164,72576
165,73000
166,73422
167,73849
168,74273
169,74700
170,75123
171,75551
172,75972
173,76403
174,76833
175,77304
176,77748
177,78192
178,78628
179,79078
180,79547
181,79975
182,80408
183,80834
184,81257
185,81685
186,82143
187,82599
188,83038
189,83467
190,83898
191,84337
192,84765
193,85187
194,85609
195,86031
196,86458
197,86888
198,87313
199,87742
200,88166
201,88592
202,89015
203,89442
204,89866
205,90289
206,90716
207,91159
208,91615
209,92050
210,92509
211,92984
212,93413
213,93845
214,94269
215,94706
216,95134
217,95566
218,95992
219,96416
220,96844
221,97267
222,97694
223,98126
224,98549
225,98973
226,99398
227,99820
228,100243
229,100666
230,101091
231,101521
232,101945
233,102367
234,102793
235,103216
236,103638
237,104061
238,104485
239,104914
240,105337
241,105763
242,106186
243,106619
244,107046
245,107471
246,107901
