1,435
2,870
3,1302
4,1727
5,2151
6,2580
7,3006
8,3437
9,3870
10,4299
11,4725
12,5154
13,5586
14,6063
15,6488
16,6954
17,7404
18,7831
19,8254
20,8692
21,9127
22,9553
23,9976
24,10405
25,10831
26,11255
27,11682
28,12107
29,12531
30,12954
31,13380
32,13811
33,14238
34,14662
35,15086
36,15509
37,15932
38,16404
39,16848
40,17273
41,17725
42,18178
43,18618
44,19051
45,19486
46,19936
47,20393
48,20847
49,21270
50,21693
51,22116
52,22544
53,22966
54,23397
55,23824
56,24247
57,24670
58,25096
59,25522
60,25944
61,26367
62,26790
63,27212
64,27635
65,28058
66,28487
67,28910
68,29333
69,29755
70,30181
71,30607
72,31030
73,31456
74,31877
75,32302
76,32724
77,33147
78,33571
79,34001
80,34424
81,34846
82,35267
83,35710
84,36136
85,36560
86,36982
87,37405
88,37831
89,38256
90,38678
91,39100
92,39525
93,39946
94,40370
95,40792
96,41215
97,41644
98,42070
99,42499
100,42920
101,43345
102,43767
103,44189
104,44612
105,45036
106,45460
107,45882
108,46307
109,46728
110,47156
111,47578
112,48000
113,48428
114,48852
115,49274
116,49697
117,50124
118,50548
119,50970
120,51393
121,51815
122,52239
123,52661
124,53089
125,53511
126,53933
127,54357
128,54781
129,55205
130,55631
131,56054
132,56478
133,56900
134,57326
135,57751
136,58177
137,58599
138,59026
