1,17
2,34
3,51
4,68
5,85
6,102
7,119
8,135
9,152
10,168
11,184
12,201
13,218
14,237
15,256
16,275
17,294
18,316
19,340
20,358
21,377
22,399
23,418
24,435
25,454
26,471
27,489
28,506
29,523
30,541
31,559
32,575
33,594
34,613
35,632
36,650
37,668
38,686
39,706
40,723
41,742
42,759
43,776
44,793
45,813
46,832
47,856
48,874
49,891
50,910
51,930
52,953
53,971
54,988
55,1004
56,1021
57,1040
58,1058
59,1075
60,1091
61,1111
62,1129
63,1147
64,1164
65,1181
66,1198
67,1215
68,1233
69,1251
70,1268
71,1285
72,1304
73,1321
74,1341
75,1358
76,1378
77,1396
78,1414
79,1433
80,1451
81,1469
82,1486
83,1503
84,1520
85,1537
86,1554
87,1571
88,1588
89,1605
90,1623
91,1641
92,1660
93,1681
94,1701
95,1719
96,1738
97,1756
98,1775
99,1795
100,1817
101,1835
102,1853
103,1871
104,1891
105,1912
106,1930
107,1950
108,1969
109,1987
110,2005
111,2023
112,2040
113,2058
114,2075
115,2094
116,2115
117,2135
118,2154
119,2172
120,2191
121,2209
122,2227
123,2246
124,2264
125,2283
126,2302
127,2320
128,2338
129,2356
130,2375
131,2395
132,2413
133,2431
134,2449
135,2468
136,2488
137,2508
