1,20
2,36
3,52
4,68
5,84
6,101
7,117
8,133
9,149
10,169
11,187
12,206
13,225
14,244
15,263
16,280
17,297
18,316
19,335
20,353
21,371
22,389
23,408
24,427
25,444
26,460
27,477
28,495
29,511
30,527
31,543
32,559
33,575
34,592
35,608
36,624
37,641
38,658
39,675
40,692
41,708
42,725
43,741
44,758
45,776
46,793
47,811
48,828
49,846
50,868
51,888
52,906
53,925
54,942
55,958
56,976
57,992
58,1009
59,1025
60,1042
61,1058
62,1074
63,1091
64,1109
65,1126
66,1143
67,1160
68,1178
69,1197
70,1214
71,1231
72,1248
73,1266
74,1284
75,1301
76,1319
77,1337
78,1353
79,1370
80,1386
81,1403
82,1419
83,1435
84,1451
85,1468
86,1484
87,1500
88,1517
89,1533
90,1549
91,1566
92,1582
93,1602
94,1619
95,1636
96,1653
97,1670
98,1687
99,1704
100,1722
101,1742
102,1765
103,1785
104,1804
105,1836
106,1855
107,1874
108,1894
109,1917
110,1936
111,1956
112,1977
113,1995
114,2012
115,2031
116,2050
117,2069
118,2089
119,2109
120,2128
121,2147
122,2167
123,2186
124,2207
125,2228
126,2249
127,2268
128,2288
129,2307
130,2325
131,2342
132,2358
133,2375
134,2392
135,2411
136,2430
137,2450
138,2469
139,2487
140,2506
141,2524
142,2543
143,2562
144,2580
145,2599
146,2619
147,2638
148,2657
149,2676
150,2695
151,2713
152,2732
153,2750
154,2769
155,2788
156,2807
157,2826
158,2844
159,2862
160,2880
161,2897
162,2915
163,2931
164,2948
165,2965
166,2982
167,2999
168,3016
169,3033
170,3049
171,3066
172,3082
173,3098
174,3115
175,3131
176,3147
177,3163
178,3180
179,3196
180,3212
181,3228
182,3244
183,3260
184,3276
185,3292
186,3308
187,3324
188,3340
189,3356
190,3373
191,3389
192,3405
193,3421
194,3437
195,3453
196,3470
197,3486
198,3502
199,3518
200,3534
201,3550
202,3566
203,3583
204,3599
205,3615
206,3630
207,3647
208,3663
209,3679
210,3694
211,3711
212,3728
213,3744
214,3760
215,3776
216,3792
217,3808
218,3825
219,3841
220,3857
221,3873
222,3890
223,3909
224,3926
225,3942
226,3961
227,3978
228,3995
229,4012
230,4028
231,4045
232,4061
233,4077
234,4093
235,4110
236,4127
237,4143
238,4159
239,4176
240,4192
241,4208
242,4224
243,4240
244,4257
245,4273
