1,20
2,36
3,52
4,68
5,84
6,100
7,116
8,132
9,149
10,165
11,181
12,197
13,213
14,229
15,245
16,261
17,277
18,294
19,310
20,326
21,342
22,358
23,375
24,391
25,407
26,423
27,439
28,456
29,472
30,488
31,504
32,520
33,536
34,552
35,568
36,586
37,602
38,618
39,634
40,650
41,666
42,682
43,699
44,715
45,731
46,748
47,763
48,780
49,796
50,814
51,830
52,846
53,862
54,878
55,894
56,910
57,926
58,942
59,958
60,974
61,990
62,1006
63,1023
64,1039
65,1059
66,1075
67,1091
68,1109
69,1125
70,1141
71,1157
72,1173
73,1189
74,1205
75,1221
76,1237
77,1253
78,1269
79,1285
80,1303
81,1321
82,1337
83,1354
84,1371
85,1387
86,1403
87,1419
88,1435
89,1451
90,1467
91,1483
92,1499
93,1515
94,1531
95,1547
96,1563
97,1579
98,1596
99,1612
100,1628
101,1644
102,1660
103,1676
104,1692
105,1708
106,1724
107,1740
108,1756
109,1772
110,1788
111,1804
112,1821
113,1837
114,1853
115,1869
116,1885
117,1901
118,1917
119,1934
120,1950
121,1969
122,1989
123,2009
124,2027
125,2046
126,2064
127,2084
128,2104
129,2124
130,2143
131,2161
132,2180
133,2199
134,2221
135,2240
136,2258
137,2278
138,2296
139,2314
140,2333
141,2351
142,2371
143,2390
144,2410
145,2430
146,2451
147,2469
148,2488
149,2506
150,2526
151,2545
152,2563
153,2582
154,2602
155,2622
156,2643
157,2663
