1,20
2,36
3,52
4,80
5,97
6,114
7,130
8,146
9,163
10,179
11,195
12,211
13,227
14,244
15,259
16,276
17,292
18,308
19,324
20,340
21,356
22,372
23,389
24,405
25,421
26,437
27,453
28,469
29,485
30,501
31,517
32,533
33,549
34,565
35,581
36,597
37,613
38,629
39,645
40,661
41,677
42,695
43,711
44,727
45,743
46,759
47,775
48,791
49,808
50,824
51,841
52,857
53,873
54,889
55,905
56,921
57,937
58,953
59,969
60,985
61,1001
62,1017
63,1033
64,1049
65,1065
66,1081
67,1098
68,1113
69,1131
70,1149
71,1169
72,1188
73,1206
74,1225
75,1243
76,1263
77,1282
78,1301
79,1319
80,1338
81,1356
82,1375
83,1393
84,1411
85,1429
86,1447
87,1465
88,1485
89,1504
90,1523
91,1541
92,1559
93,1578
94,1597
95,1615
96,1632
97,1649
98,1666
99,1683
100,1700
101,1717
102,1733
103,1750
104,1767
105,1784
106,1801
107,1821
108,1841
109,1860
110,1878
111,1897
112,1916
113,1936
114,1954
115,1973
116,1992
117,2010
118,2029
119,2047
120,2066
121,2084
122,2102
123,2121
124,2139
125,2158
126,2177
127,2196
128,2214
129,2233
130,2251
131,2268
132,2286
133,2303
134,2320
135,2337
136,2354
137,2370
138,2387
139,2404
140,2421
141,2437
142,2454
143,2470
144,2486
145,2503
146,2518
147,2534
148,2551
149,2567
150,2582
151,2599
152,2615
153,2631
154,2647
155,2663
156,2679
157,2695
158,2711
159,2727
160,2743
161,2760
162,2776
163,2792
164,2808
165,2824
166,2840
167,2856
168,2872
169,2888
170,2904
171,2921
172,2937
173,2953
174,2969
175,2985
176,3001
177,3017
178,3033
179,3049
180,3065
181,3081
182,3097
183,3114
184,3130
185,3146
186,3162
187,3177
188,3193
189,3210
190,3226
191,3243
192,3259
193,3275
194,3291
195,3307
196,3323
197,3339
198,3355
199,3371
200,3387
201,3403
202,3419
203,3436
204,3452
205,3468
206,3485
207,3501
208,3517
209,3533
210,3549
211,3565
212,3581
213,3597
214,3613
215,3629
216,3645
217,3661
218,3677
219,3693
220,3709
221,3725
222,3742
223,3758
224,3774
225,3790
226,3806
227,3822
228,3838
229,3854
230,3870
231,3887
232,3902
233,3919
234,3935
235,3951
236,3967
237,3983
238,3999
239,4015
240,4031
241,4047
242,4064
243,4080
244,4096
245,4112
246,4128
247,4144
248,4160
249,4176
250,4192
251,4208
252,4224
253,4240
254,4256
255,4272
256,4288
257,4309
258,4331
259,4351
260,4370
261,4390
262,4408
263,4426
264,4442
265,4459
266,4475
267,4491
268,4507
269,4523
270,4539
271,4555
272,4571
273,4587
274,4603
275,4619
276,4635
277,4651
278,4667
279,4684
280,4699
281,4716
282,4732
283,4748
284,4765
285,4781
286,4797
287,4813
288,4829
289,4845
290,4861
291,4877
292,4893
293,4909
294,4925
295,4941
296,4957
297,4973
298,4990
299,5007
300,5025
301,5046
302,5066
303,5083
304,5102
305,5119
306,5139
307,5161
308,5182
309,5202
310,5222
311,5240
312,5258
313,5278
314,5296
315,5315
316,5333
317,5351
318,5370
319,5389
320,5407
321,5427
322,5446
323,5465
324,5484
325,5502
326,5522
327,5541
328,5561
329,5580
330,5598
331,5615
332,5632
333,5649
334,5666
335,5683
336,5700
337,5717
338,5734
339,5751
340,5768
341,5785
342,5803
343,5822
344,5843
345,5861
346,5879
347,5898
348,5917
349,5937
350,5957
351,5975
352,5994
353,6012
354,6031
355,6049
356,6067
357,6085
358,6104
359,6123
360,6141
361,6160
362,6178
363,6197
364,6215
365,6235
366,6254
367,6273
368,6292
369,6310
370,6327
371,6345
372,6362
373,6379
374,6396
375,6413
376,6430
377,6448
378,6465
379,6482
380,6499
381,6516
382,6533
383,6550
384,6566
385,6582
386,6599
387,6615
388,6631
389,6647
390,6663
391,6680
392,6696
393,6712
394,6728
395,6744
396,6760
397,6776
398,6792
399,6808
400,6824
401,6841
402,6857
403,6872
404,6889
405,6905
406,6921
407,6938
408,6957
409,6978
410,6998
411,7016
412,7035
413,7054
414,7073
415,7094
416,7112
417,7131
418,7150
419,7168
420,7186
421,7205
422,7224
423,7242
424,7261
425,7280
426,7299
427,7317
428,7335
429,7355
430,7373
431,7392
432,7410
433,7428
434,7447
435,7466
436,7485
437,7503
438,7523
439,7542
440,7559
441,7576
442,7594
443,7612
444,7630
445,7647
446,7663
447,7680
448,7697
449,7714
450,7731
451,7748
452,7765
453,7782
454,7798
455,7815
456,7832
457,7852
458,7872
459,7891
460,7909
461,7927
462,7947
463,7966
464,7987
465,8005
466,8023
467,8042
468,8061
469,8079
470,8097
471,8115
472,8133
473,8152
474,8171
475,8189
476,8208
477,8227
478,8250
479,8268
480,8287
481,8307
482,8326
483,8346
484,8365
485,8385
486,8403
487,8422
488,8442
489,8462
