1,20
2,40
3,60
4,78
5,96
6,116
7,136
8,157
9,176
10,194
11,211
12,227
13,244
14,260
15,277
16,295
17,312
18,331
19,349
20,368
21,387
22,404
23,421
24,440
25,458
26,476
27,494
28,513
29,531
30,550
31,569
32,587
33,605
34,623
35,641
36,658
37,679
38,699
39,718
40,738
41,756
42,775
43,795
44,815
45,834
46,852
47,871
48,889
49,907
50,927
51,946
52,964
53,983
54,1001
55,1020
56,1038
57,1056
58,1075
59,1095
60,1114
61,1133
62,1154
63,1175
64,1196
65,1216
66,1236
67,1256
68,1275
69,1293
70,1311
71,1328
72,1345
73,1362
74,1379
75,1396
76,1413
77,1430
78,1447
79,1464
80,1481
81,1498
82,1516
83,1537
84,1556
85,1576
86,1594
87,1613
88,1633
89,1652
90,1672
91,1691
92,1710
93,1729
94,1748
95,1767
96,1790
97,1808
98,1827
99,1846
100,1864
101,1883
102,1902
103,1921
104,1940
105,1959
106,1978
107,1997
108,2016
109,2036
110,2056
111,2076
112,2096
113,2114
114,2131
115,2149
116,2166
117,2185
118,2202
119,2220
120,2237
121,2254
122,2271
123,2288
124,2306
125,2323
126,2340
127,2357
128,2374
129,2391
130,2408
131,2425
132,2442
133,2459
134,2475
135,2492
136,2508
137,2525
138,2541
139,2557
140,2574
141,2590
142,2606
143,2622
144,2638
145,2655
146,2672
147,2688
148,2705
149,2725
150,2743
151,2761
152,2780
153,2797
154,2814
155,2831
156,2848
157,2865
158,2883
159,2900
160,2917
161,2934
162,2953
163,2970
164,2986
165,3003
166,3021
167,3040
168,3058
169,3074
170,3090
171,3109
172,3126
173,3142
174,3159
175,3175
176,3192
177,3208
178,3225
179,3241
180,3260
181,3277
182,3294
183,3310
184,3327
185,3343
186,3359
187,3375
