1,20
2,36
3,52
4,68
5,84
6,100
7,116
8,132
9,149
10,165
11,181
12,197
13,213
14,229
15,245
16,261
17,277
18,293
19,310
20,326
21,342
22,358
23,374
24,394
25,412
26,430
27,447
28,466
29,484
30,501
31,518
32,534
33,550
34,567
35,583
36,599
37,615
38,631
39,648
40,664
41,681
42,697
43,714
44,730
45,747
46,763
47,779
48,795
49,811
50,827
51,844
52,860
53,876
54,892
55,908
56,924
57,941
58,957
59,973
60,989
61,1005
62,1021
63,1037
64,1054
65,1070
66,1086
67,1103
68,1121
69,1138
70,1155
71,1171
72,1187
73,1203
74,1219
75,1236
76,1252
77,1268
78,1284
79,1301
80,1317
81,1334
82,1350
83,1367
84,1384
85,1400
86,1416
87,1434
88,1451
89,1467
90,1483
91,1499
92,1515
93,1531
94,1547
95,1563
96,1579
97,1595
98,1612
99,1628
100,1645
101,1661
102,1677
103,1693
104,1710
105,1729
