1,18
2,35
3,53
4,69
5,86
6,103
7,120
8,137
9,155
10,172
11,189
12,206
13,224
14,241
15,258
16,275
17,293
18,310
19,327
20,344
21,360
22,377
23,394
24,411
25,427
26,444
27,460
28,476
29,493
30,510
31,526
32,542
33,558
34,575
35,591
36,607
37,623
38,639
39,655
40,670
41,686
42,703
43,719
44,735
45,751
46,767
47,783
48,802
49,819
50,835
51,852
52,868
53,885
54,901
55,916
56,932
57,949
58,965
59,981
60,997
61,1013
62,1030
63,1046
64,1062
65,1078
66,1094
67,1110
68,1126
69,1142
70,1158
71,1174
72,1190
73,1210
74,1225
75,1241
76,1257
77,1273
78,1289
79,1305
80,1321
81,1338
82,1358
83,1377
84,1395
85,1414
86,1432
87,1451
88,1470
89,1488
90,1507
91,1525
92,1545
93,1563
94,1581
95,1599
96,1617
97,1634
98,1650
99,1667
100,1683
101,1699
102,1715
103,1731
104,1747
105,1763
106,1779
107,1795
108,1811
109,1827
110,1843
111,1860
112,1876
113,1892
114,1908
115,1925
116,1941
117,1956
118,1972
119,1988
120,2005
121,2021
122,2037
123,2053
124,2069
125,2085
126,2101
127,2117
128,2133
129,2149
130,2165
131,2182
132,2198
133,2214
134,2230
135,2246
136,2261
137,2277
138,2296
139,2315
140,2332
141,2349
142,2365
143,2381
144,2397
145,2413
146,2429
147,2445
148,2461
149,2477
150,2493
151,2509
152,2525
153,2541
154,2557
155,2573
156,2589
157,2605
158,2621
159,2638
160,2654
161,2670
162,2686
163,2702
164,2718
165,2734
166,2750
167,2767
168,2783
169,2799
170,2814
171,2831
172,2847
173,2863
174,2879
175,2895
176,2911
177,2927
178,2943
179,2959
180,2976
181,2993
182,3011
183,3030
184,3049
185,3068
186,3086
187,3104
188,3122
189,3141
190,3158
191,3176
192,3194
193,3215
194,3237
195,3257
196,3276
