1,24
2,40
3,56
4,72
5,91
6,108
7,125
8,142
9,160
10,178
11,196
12,214
13,232
14,249
15,265
16,283
17,300
18,317
19,337
20,354
21,371
22,389
23,408
24,425
25,443
26,460
27,476
28,493
29,509
30,526
31,541
32,558
33,574
34,591
35,607
36,624
37,640
38,656
39,672
40,688
41,705
42,722
43,738
44,754
45,771
46,787
47,803
48,820
49,836
50,853
51,870
52,886
53,903
54,919
55,935
56,950
57,967
58,983
59,998
60,1015
61,1030
62,1046
63,1063
64,1078
65,1094
66,1111
67,1127
68,1143
69,1159
70,1175
71,1191
72,1207
73,1223
74,1239
75,1258
76,1276
77,1291
78,1308
79,1324
80,1343
81,1361
82,1378
83,1394
84,1410
85,1426
86,1443
87,1459
88,1475
89,1493
90,1511
91,1528
92,1545
93,1563
94,1581
95,1599
96,1618
97,1638
98,1657
99,1678
100,1696
101,1714
102,1731
103,1748
104,1765
105,1781
106,1797
107,1818
108,1837
109,1854
110,1873
111,1891
112,1911
113,1928
114,1944
115,1961
116,1979
117,1996
118,2012
119,2029
120,2046
121,2062
122,2079
123,2095
124,2113
125,2129
126,2145
127,2165
128,2182
129,2200
130,2220
131,2238
132,2257
133,2274
134,2291
135,2308
136,2327
137,2346
138,2363
139,2381
140,2399
141,2417
142,2437
143,2455
144,2475
145,2493
146,2514
147,2531
148,2547
149,2563
150,2579
151,2595
152,2611
153,2628
154,2644
155,2662
156,2681
157,2699
158,2719
159,2738
160,2755
161,2771
162,2788
163,2805
164,2821
165,2838
166,2854
167,2871
168,2888
169,2905
170,2921
171,2937
172,2953
173,2970
174,2986
175,3002
176,3021
177,3038
178,3059
179,3079
180,3099
181,3116
182,3134
183,3152
184,3176
185,3194
186,3212
187,3232
188,3250
189,3268
190,3287
191,3304
192,3320
193,3337
194,3353
195,3369
196,3385
197,3401
198,3418
199,3434
200,3450
201,3468
202,3487
203,3505
204,3523
205,3540
206,3559
207,3577
208,3596
209,3613
210,3630
211,3647
212,3663
213,3680
214,3697
215,3715
216,3732
217,3749
218,3768
219,3785
220,3802
221,3819
222,3836
223,3855
224,3874
225,3893
226,3910
227,3927
228,3946
229,3965
230,3982
231,3998
232,4015
233,4031
234,4048
235,4064
236,4081
237,4097
238,4114
239,4131
240,4148
241,4164
242,4180
243,4198
244,4215
245,4233
246,4252
247,4269
248,4287
249,4305
250,4323
251,4341
252,4358
253,4376
254,4394
255,4412
256,4429
257,4447
258,4466
259,4486
260,4507
261,4525
262,4543
263,4562
264,4581
265,4599
266,4618
267,4637
268,4655
269,4675
270,4694
271,4712
272,4731
273,4749
274,4768
275,4785
276,4804
277,4823
278,4842
279,4860
280,4878
281,4896
282,4913
283,4930
284,4947
285,4964
286,4981
287,4998
288,5014
289,5031
290,5048
291,5065
292,5082
293,5104
294,5127
295,5146
296,5165
297,5185
298,5205
299,5226
300,5245
301,5265
302,5285
303,5304
304,5323
305,5341
306,5361
307,5379
308,5397
309,5415
310,5434
311,5453
312,5472
313,5493
314,5513
315,5533
316,5553
317,5573
318,5593
319,5610
320,5629
321,5646
322,5664
323,5681
324,5698
325,5716
326,5732
327,5749
328,5766
329,5786
330,5806
331,5825
332,5843
333,5861
334,5880
335,5899
336,5919
337,5937
338,5956
339,5976
340,5995
341,6015
342,6035
343,6056
344,6077
345,6097
346,6116
347,6140
348,6158
349,6176
350,6195
351,6213
352,6232
353,6249
354,6267
355,6284
356,6301
357,6318
358,6335
359,6353
360,6370
361,6387
362,6405
363,6428
364,6448
365,6468
366,6486
367,6506
368,6527
369,6546
370,6564
371,6583
372,6601
373,6620
374,6638
375,6657
376,6675
377,6694
378,6715
379,6735
380,6755
381,6776
382,6798
383,6816
384,6835
385,6853
386,6870
387,6887
388,6905
389,6923
390,6941
391,6959
392,6976
393,6993
394,7009
395,7028
396,7049
397,7066
398,7086
399,7103
400,7121
401,7141
402,7158
403,7176
404,7194
405,7212
406,7231
407,7249
408,7266
409,7284
410,7301
411,7320
412,7337
413,7354
414,7371
415,7391
416,7409
417,7426
418,7445
419,7463
420,7481
421,7498
422,7515
423,7532
424,7549
425,7567
426,7585
427,7602
428,7619
429,7639
430,7657
431,7674
432,7693
433,7713
434,7730
435,7746
436,7765
437,7783
438,7800
439,7816
440,7837
441,7853
442,7870
443,7886
444,7903
445,7920
446,7936
447,7952
448,7968
449,7984
450,8001
451,8018
452,8035
453,8051
454,8068
455,8085
456,8102
457,8118
458,8135
459,8151
460,8168
461,8185
462,8201
463,8217
464,8233
465,8249
466,8265
467,8281
468,8297
469,8313
470,8329
471,8345
472,8361
473,8377
474,8394
475,8411
476,8429
477,8446
478,8468
479,8487
480,8507
481,8524
482,8541
483,8558
484,8576
485,8594
486,8612
487,8630
488,8648
489,8669
490,8687
491,8704
492,8721
493,8738
494,8755
495,8774
496,8794
497,8811
498,8828
499,8844
500,8861
501,8876
502,8893
503,8909
504,8925
505,8941
506,8957
507,8973
508,8989
509,9005
510,9021
511,9037
512,9053
513,9069
514,9085
515,9101
516,9118
517,9134
518,9150
519,9168
520,9185
521,9202
522,9222
523,9240
524,9257
525,9276
526,9297
527,9319
528,9339
529,9360
530,9379
531,9398
532,9419
533,9440
534,9460
535,9480
536,9499
537,9520
538,9539
539,9559
540,9578
541,9598
542,9619
543,9637
544,9657
545,9677
546,9698
547,9717
548,9737
549,9755
550,9775
551,9794
552,9812
553,9831
554,9849
555,9866
556,9884
557,9901
558,9918
559,9935
560,9952
561,9969
562,9986
563,10002
564,10019
565,10037
566,10054
567,10071
568,10089
569,10106
570,10124
571,10142
572,10162
573,10182
574,10202
575,10221
576,10244
577,10264
578,10284
579,10302
580,10323
581,10343
582,10362
583,10380
584,10399
585,10422
586,10441
587,10461
588,10480
589,10501
590,10520
591,10539
592,10557
593,10577
594,10598
595,10616
596,10635
597,10654
598,10673
599,10693
