1,19
2,40
3,61
4,80
5,98
6,117
7,137
8,157
9,174
10,192
11,209
12,226
13,245
14,263
15,280
16,298
17,315
18,332
19,350
20,369
21,388
22,405
23,422
24,440
25,458
26,475
27,493
28,511
29,528
30,545
31,562
32,579
33,596
34,613
35,631
36,648
37,665
38,682
39,698
40,714
41,732
42,749
43,766
44,783
45,800
46,817
47,833
48,850
49,866
50,883
51,900
52,916
53,933
54,950
55,967
56,986
57,1005
58,1023
59,1039
60,1055
61,1072
62,1088
63,1105
64,1125
65,1145
66,1163
67,1181
68,1198
69,1215
70,1232
71,1249
72,1267
73,1284
74,1302
75,1319
76,1337
77,1355
78,1374
79,1394
80,1413
81,1437
82,1457
83,1474
84,1490
85,1507
86,1523
87,1540
88,1557
89,1573
90,1590
91,1606
92,1623
93,1642
94,1658
95,1674
96,1691
97,1707
98,1724
99,1740
100,1756
101,1773
102,1789
103,1806
104,1822
105,1839
106,1856
107,1872
108,1889
