1,21
2,43
3,66
4,86
5,107
6,127
7,146
8,165
9,183
10,202
11,220
12,239
13,259
14,279
15,299
16,318
17,336
18,354
19,372
20,391
21,408
22,427
23,446
24,465
25,484
26,504
27,523
28,543
29,562
30,582
31,602
32,621
33,640
34,660
35,679
36,696
37,714
38,736
39,755
40,773
41,792
42,812
43,831
44,848
45,865
46,884
47,905
48,923
49,941
50,959
51,977
52,996
53,1015
54,1033
55,1052
56,1071
57,1089
58,1108
59,1126
60,1143
61,1160
62,1178
63,1195
64,1213
65,1231
66,1247
67,1264
68,1281
69,1299
70,1316
71,1333
72,1349
73,1366
74,1383
75,1399
76,1416
77,1432
78,1448
79,1464
80,1480
81,1496
82,1512
83,1528
84,1545
85,1561
86,1577
87,1593
88,1609
89,1625
90,1641
91,1657
92,1673
93,1690
94,1706
95,1722
96,1738
97,1754
98,1771
99,1786
100,1803
101,1819
102,1835
103,1851
104,1870
105,1886
106,1902
107,1919
108,1936
109,1955
110,1974
111,1993
112,2012
113,2030
114,2049
115,2067
116,2086
117,2103
118,2119
119,2136
120,2152
121,2168
122,2184
123,2200
124,2216
125,2232
126,2248
127,2265
128,2281
129,2297
130,2314
131,2330
132,2346
133,2362
134,2378
135,2394
136,2410
137,2426
138,2442
139,2458
140,2475
141,2492
142,2508
143,2525
144,2544
145,2560
146,2576
147,2592
148,2608
149,2624
150,2640
151,2657
152,2673
153,2689
154,2705
155,2721
156,2737
157,2753
158,2770
159,2786
160,2802
161,2818
162,2834
163,2850
164,2866
165,2882
166,2898
167,2914
168,2930
169,2946
170,2962
171,2979
172,2994
173,3011
174,3031
175,3050
176,3067
177,3083
178,3100
179,3116
180,3132
181,3148
182,3164
183,3182
184,3200
185,3216
186,3232
187,3248
188,3265
189,3281
190,3298
191,3314
192,3330
193,3346
194,3362
195,3378
196,3395
197,3411
198,3428
199,3444
200,3461
201,3478
202,3497
203,3517
204,3536
205,3555
206,3573
207,3591
208,3612
209,3632
210,3651
211,3670
212,3688
213,3707
214,3725
215,3743
216,3762
217,3781
218,3800
219,3818
220,3837
221,3855
222,3874
223,3893
224,3911
225,3929
226,3947
227,3964
228,3982
229,4000
230,4019
231,4038
232,4057
233,4075
234,4094
235,4111
236,4130
237,4147
238,4164
239,4180
240,4197
241,4214
242,4230
243,4247
244,4264
245,4281
246,4298
247,4315
248,4335
249,4355
250,4374
251,4392
252,4411
253,4430
