1,17
2,34
3,51
4,68
5,85
6,101
7,118
8,135
9,153
10,170
11,187
12,203
13,224
14,243
15,261
16,279
17,298
18,317
19,335
20,352
21,368
22,384
23,400
24,416
25,432
26,448
27,464
28,480
29,496
30,513
31,529
32,545
33,561
34,577
35,593
36,609
37,625
38,641
39,657
40,673
41,689
42,705
43,721
44,738
45,754
46,770
47,786
48,802
49,818
50,834
51,850
52,868
53,884
54,901
55,918
56,934
57,950
58,966
59,983
60,1000
61,1018
62,1034
63,1051
64,1067
65,1083
66,1099
67,1115
68,1131
69,1147
70,1163
71,1179
72,1195
73,1212
74,1228
75,1244
76,1262
77,1279
78,1296
79,1312
80,1328
81,1344
82,1360
83,1376
84,1392
85,1408
86,1424
87,1440
88,1456
89,1473
90,1491
91,1508
92,1524
93,1540
94,1556
95,1573
96,1589
97,1605
98,1621
99,1637
100,1654
101,1669
102,1685
103,1701
104,1717
105,1733
106,1749
107,1766
108,1781
109,1798
110,1815
111,1831
112,1847
113,1863
114,1879
115,1895
116,1912
117,1928
118,1944
119,1960
120,1976
121,1992
122,2008
123,2025
124,2041
125,2057
126,2073
127,2089
128,2105
129,2121
130,2137
131,2153
132,2169
133,2185
134,2204
135,2222
136,2240
137,2258
138,2275
139,2291
140,2307
141,2324
142,2340
143,2356
144,2372
145,2388
146,2404
147,2420
148,2436
149,2453
150,2469
151,2485
152,2501
153,2517
154,2533
155,2549
156,2565
157,2581
158,2597
159,2613
160,2629
161,2645
162,2662
163,2678
164,2694
165,2710
166,2726
167,2742
168,2759
169,2776
170,2792
171,2808
172,2824
173,2840
174,2859
175,2876
176,2892
177,2908
178,2924
179,2940
180,2956
181,2972
182,2988
183,3004
184,3020
185,3037
186,3053
187,3068
188,3085
189,3101
190,3117
191,3133
192,3152
193,3169
194,3186
195,3203
196,3220
197,3239
198,3256
199,3273
200,3291
201,3308
