1,19
2,37
3,54
4,74
5,95
6,115
7,133
8,150
9,167
10,183
11,201
12,217
13,234
14,251
15,268
16,286
17,303
18,321
19,339
20,360
21,378
22,395
23,414
24,433
25,452
26,469
27,488
28,505
29,523
30,540
31,557
32,576
33,593
34,609
35,627
36,644
37,663
38,680
39,696
40,713
41,730
42,749
43,766
44,783
45,803
46,823
47,842
48,862
49,880
50,898
51,918
52,936
53,954
54,973
55,991
56,1009
57,1028
58,1047
59,1065
60,1084
61,1104
62,1124
63,1144
64,1166
65,1187
66,1208
67,1232
68,1253
69,1271
70,1291
71,1312
72,1333
73,1354
74,1374
75,1393
76,1410
77,1430
78,1450
79,1469
80,1488
81,1506
82,1523
83,1541
84,1560
85,1578
86,1597
87,1616
88,1636
89,1656
90,1674
91,1692
92,1710
93,1729
94,1752
95,1773
96,1794
97,1814
98,1834
99,1854
100,1884
101,1907
102,1926
103,1943
104,1961
105,1981
106,1999
107,2017
108,2039
109,2063
110,2086
111,2107
112,2126
113,2145
114,2163
115,2181
116,2200
117,2218
118,2235
119,2252
120,2271
121,2292
122,2314
123,2333
124,2351
125,2369
126,2387
127,2404
128,2422
129,2440
130,2456
131,2474
132,2490
133,2510
134,2526
135,2543
136,2559
137,2575
138,2591
139,2607
140,2624
141,2640
142,2656
143,2674
144,2694
145,2713
146,2731
147,2748
148,2766
149,2785
150,2804
151,2821
152,2838
153,2855
154,2872
155,2889
156,2906
157,2923
158,2939
159,2955
160,2971
161,2987
162,3003
163,3019
164,3035
165,3051
166,3068
167,3087
168,3104
169,3120
170,3135
171,3151
172,3167
173,3183
174,3200
175,3220
176,3236
177,3256
178,3274
179,3290
180,3311
181,3330
182,3347
183,3365
184,3383
185,3400
186,3419
187,3439
188,3458
189,3477
190,3495
191,3512
192,3528
193,3547
194,3564
195,3581
196,3598
197,3614
198,3630
199,3646
200,3663
201,3680
202,3698
203,3716
204,3736
205,3755
206,3773
207,3791
208,3810
209,3829
210,3848
211,3867
212,3884
213,3902
214,3921
215,3939
216,3957
217,3976
218,3994
219,4013
220,4031
221,4049
222,4067
223,4086
224,4104
225,4123
226,4142
227,4160
228,4179
229,4198
230,4216
231,4233
232,4251
233,4267
234,4284
235,4301
236,4318
237,4334
238,4351
239,4368
240,4385
241,4401
242,4418
243,4434
244,4451
245,4469
246,4486
247,4503
248,4519
249,4536
250,4552
251,4569
252,4586
253,4603
254,4621
255,4638
256,4655
257,4671
258,4688
259,4704
260,4721
261,4738
262,4755
263,4780
264,4804
265,4824
266,4842
267,4862
268,4881
269,4898
270,4915
271,4932
272,4950
273,4966
274,4983
275,5000
276,5016
277,5033
278,5050
279,5067
280,5083
281,5102
282,5123
283,5142
284,5160
285,5179
286,5197
287,5216
288,5236
289,5255
290,5273
291,5291
292,5309
293,5327
294,5345
295,5363
296,5381
297,5400
298,5419
299,5439
300,5457
301,5476
302,5495
303,5513
304,5538
305,5559
306,5580
307,5600
308,5618
309,5637
310,5657
311,5677
312,5697
313,5717
314,5736
315,5756
316,5774
317,5792
318,5810
319,5829
320,5848
321,5866
322,5883
323,5901
324,5918
325,5936
326,5953
327,5971
328,5987
329,6004
330,6021
331,6037
332,6054
333,6071
334,6088
335,6105
336,6122
337,6139
338,6157
339,6173
340,6191
341,6208
342,6224
343,6241
344,6258
345,6278
346,6298
347,6316
348,6335
349,6353
350,6372
351,6390
352,6408
353,6426
354,6444
355,6463
356,6482
357,6500
358,6517
359,6535
360,6553
361,6570
362,6590
363,6612
364,6633
365,6657
366,6680
367,6704
368,6724
369,6742
370,6760
371,6778
372,6796
373,6813
374,6830
375,6849
376,6868
377,6886
378,6903
379,6920
380,6937
381,6955
382,6972
383,6990
384,7007
385,7023
386,7040
387,7056
388,7072
389,7088
390,7105
391,7121
392,7137
393,7153
394,7169
395,7185
396,7201
397,7217
398,7234
399,7250
400,7266
401,7282
402,7298
403,7314
404,7330
405,7347
406,7365
407,7383
408,7402
409,7418
410,7434
411,7452
412,7472
413,7490
414,7507
415,7525
416,7544
417,7561
418,7578
419,7596
420,7613
421,7631
422,7649
423,7666
424,7684
425,7701
426,7718
427,7736
428,7754
429,7771
430,7789
431,7806
432,7824
433,7841
434,7858
435,7876
436,7894
437,7913
438,7931
439,7948
440,7966
441,7984
442,8002
443,8020
444,8038
445,8059
446,8078
447,8095
448,8113
449,8133
450,8151
451,8169
452,8187
453,8204
454,8221
455,8238
456,8254
457,8274
458,8293
459,8311
460,8329
461,8346
462,8364
463,8382
464,8405
465,8425
466,8447
467,8465
468,8482
469,8499
470,8518
471,8537
472,8554
473,8571
474,8589
475,8607
476,8624
477,8643
478,8661
479,8678
480,8697
481,8718
482,8736
483,8754
484,8771
485,8788
486,8808
487,8826
488,8845
489,8864
490,8882
491,8899
492,8916
493,8933
494,8950
495,8970
496,8987
497,9004
498,9022
499,9039
500,9056
501,9074
502,9092
503,9110
504,9128
505,9146
506,9168
507,9184
508,9201
509,9217
510,9233
511,9249
512,9265
513,9281
514,9297
515,9313
516,9329
517,9346
518,9362
519,9378
520,9394
521,9411
522,9427
523,9443
524,9459
525,9475
526,9493
527,9510
528,9527
529,9544
530,9563
531,9584
532,9601
533,9619
534,9637
535,9654
536,9671
537,9687
538,9705
539,9723
540,9739
541,9757
542,9774
543,9794
544,9812
545,9830
546,9848
547,9867
548,9885
549,9902
550,9919
551,9936
552,9952
553,9970
554,9987
555,10002
556,10021
557,10042
558,10060
559,10078
560,10095
561,10112
562,10130
563,10148
564,10166
565,10183
566,10199
567,10215
568,10231
569,10247
570,10264
571,10280
572,10296
573,10312
574,10328
575,10344
576,10361
577,10377
578,10393
579,10409
580,10425
581,10441
582,10458
583,10477
584,10498
585,10518
586,10536
587,10554
588,10579
589,10604
590,10625
591,10645
592,10665
593,10683
594,10703
595,10723
596,10742
597,10762
598,10780
599,10799
