1,18
2,36
3,55
4,74
5,93
6,111
7,130
8,147
9,166
10,185
11,204
12,222
13,241
14,259
15,278
16,298
17,316
18,337
19,363
20,383
21,404
22,421
23,438
24,457
25,477
26,496
27,518
28,538
29,557
30,576
31,594
32,613
33,638
34,661
35,680
36,700
37,721
38,742
39,765
40,784
41,801
42,818
43,836
44,853
45,872
46,891
47,910
48,936
49,955
50,975
51,1002
52,1022
53,1040
54,1057
55,1082
56,1103
57,1122
58,1139
59,1160
60,1186
61,1203
62,1221
63,1241
64,1258
65,1276
66,1294
67,1313
68,1330
69,1347
70,1364
71,1382
72,1399
73,1419
74,1444
75,1464
76,1482
77,1501
78,1520
79,1538
80,1557
81,1578
82,1602
83,1626
84,1648
85,1667
86,1690
87,1715
88,1733
89,1755
90,1779
91,1804
92,1827
93,1848
94,1869
95,1890
96,1909
97,1928
98,1946
99,1964
100,1981
101,1999
102,2017
103,2034
104,2052
105,2070
106,2087
107,2105
108,2122
109,2145
110,2168
111,2185
112,2206
113,2223
114,2241
115,2258
116,2274
117,2292
118,2310
119,2327
120,2343
121,2360
122,2376
123,2392
124,2408
125,2425
126,2441
127,2458
128,2474
129,2493
130,2514
131,2531
132,2551
133,2568
134,2584
135,2601
136,2617
137,2633
138,2649
139,2665
140,2681
141,2697
142,2714
143,2730
144,2746
145,2762
146,2781
147,2801
148,2821
149,2837
150,2853
151,2870
152,2886
153,2902
154,2919
155,2935
156,2956
157,2972
158,2990
159,3008
160,3024
161,3040
162,3056
163,3073
164,3093
165,3111
166,3127
167,3143
168,3162
169,3179
170,3195
171,3211
172,3228
173,3245
174,3261
175,3282
176,3302
177,3320
178,3338
179,3357
180,3375
181,3391
182,3408
183,3424
184,3442
185,3463
186,3479
187,3495
188,3511
189,3528
190,3544
191,3562
192,3580
193,3597
194,3613
195,3630
196,3646
197,3662
198,3679
199,3695
200,3711
201,3727
202,3743
203,3759
204,3776
205,3793
206,3812
207,3832
208,3852
209,3872
210,3890
211,3908
212,3929
213,3948
214,3968
215,3986
216,4005
217,4027
218,4045
219,4064
220,4082
221,4100
222,4120
223,4138
224,4156
225,4175
226,4193
227,4212
228,4233
229,4253
230,4272
231,4290
232,4309
233,4328
234,4346
235,4365
236,4383
237,4404
238,4427
239,4447
240,4468
241,4487
242,4506
243,4525
244,4544
245,4561
246,4578
247,4594
248,4611
249,4628
250,4645
251,4662
252,4679
253,4698
254,4718
255,4737
256,4755
257,4774
258,4792
259,4813
260,4832
261,4850
262,4869
263,4888
264,4906
265,4925
266,4943
267,4962
268,4984
269,5003
270,5022
271,5040
272,5058
273,5076
274,5095
275,5114
276,5132
277,5150
278,5169
279,5190
280,5215
281,5234
282,5253
283,5271
284,5290
285,5312
286,5334
287,5357
288,5376
289,5394
290,5412
291,5430
292,5446
293,5463
294,5480
295,5497
296,5517
297,5538
298,5556
299,5575
300,5593
301,5611
302,5631
303,5648
304,5666
305,5683
306,5700
307,5716
308,5733
309,5750
310,5767
311,5783
312,5800
313,5816
314,5832
315,5848
316,5864
317,5884
318,5900
319,5917
320,5933
321,5949
322,5965
323,5981
324,5997
325,6013
326,6030
327,6046
328,6063
329,6079
330,6096
331,6112
332,6128
333,6145
334,6161
335,6177
336,6193
337,6209
338,6226
