1,20
2,36
3,52
4,69
5,85
6,101
7,118
8,134
9,150
10,167
11,184
12,204
13,223
14,242
15,260
16,278
17,297
18,317
19,337
20,356
21,375
22,394
23,412
24,432
25,451
26,469
27,488
28,507
29,526
30,544
31,563
32,582
33,601
34,619
35,637
36,656
37,675
38,693
39,711
40,728
41,746
42,763
43,780
44,798
45,815
46,832
47,848
48,865
49,882
50,899
51,916
52,933
53,950
54,966
55,983
56,1003
57,1023
58,1042
59,1060
60,1078
61,1097
62,1117
63,1137
64,1155
65,1174
66,1193
67,1211
68,1229
69,1248
70,1267
71,1288
72,1306
73,1324
74,1343
75,1362
76,1381
77,1399
78,1418
79,1436
80,1455
81,1475
82,1494
83,1513
84,1532
85,1550
86,1567
87,1583
88,1600
89,1616
90,1633
91,1649
92,1665
93,1682
94,1699
95,1718
96,1735
97,1752
98,1768
99,1785
100,1801
101,1818
102,1834
103,1851
104,1867
105,1883
106,1900
107,1916
108,1933
109,1954
110,1971
111,1988
112,2005
113,2023
114,2040
115,2057
116,2074
117,2091
118,2109
119,2126
120,2143
121,2160
122,2177
123,2194
124,2211
125,2228
126,2245
127,2261
128,2278
129,2295
130,2312
131,2328
132,2345
133,2362
134,2378
135,2395
136,2415
137,2433
138,2452
139,2470
140,2489
141,2507
142,2524
143,2541
144,2561
145,2579
146,2598
147,2616
148,2635
149,2654
150,2670
151,2688
152,2705
153,2721
154,2737
155,2753
156,2770
157,2786
158,2802
159,2818
160,2834
161,2850
162,2866
163,2882
164,2898
165,2914
166,2930
167,2946
168,2962
169,2978
170,2994
171,3010
172,3027
173,3046
174,3066
175,3086
176,3105
177,3123
178,3141
179,3160
180,3181
181,3199
182,3217
183,3235
184,3253
185,3271
186,3290
187,3308
188,3325
189,3344
190,3363
191,3382
192,3401
193,3419
194,3436
195,3452
196,3469
197,3486
198,3502
199,3519
200,3535
201,3552
202,3569
203,3586
204,3604
205,3623
206,3641
207,3659
208,3676
209,3693
210,3710
211,3726
212,3746
213,3763
214,3779
215,3797
216,3815
217,3832
218,3850
219,3868
220,3885
221,3903
222,3920
223,3938
224,3955
225,3973
226,3991
227,4008
228,4026
229,4043
230,4060
231,4077
232,4094
233,4110
234,4127
235,4144
236,4161
237,4178
238,4194
239,4211
240,4232
241,4254
242,4273
243,4291
244,4309
245,4329
246,4348
247,4367
248,4385
249,4404
250,4424
251,4442
252,4461
253,4479
254,4498
255,4516
256,4535
257,4553
258,4572
259,4590
260,4609
261,4629
262,4649
263,4669
264,4689
265,4709
