1,20
2,36
3,52
4,68
5,84
6,100
7,116
8,132
9,148
10,164
11,181
12,196
13,212
14,229
15,245
16,262
17,282
18,302
19,321
20,339
21,357
22,376
23,396
24,416
25,434
26,453
27,470
28,489
29,507
30,525
31,543
32,562
33,580
34,599
35,617
36,635
37,654
38,673
39,691
40,710
41,728
42,745
43,763
44,780
45,797
46,814
47,831
48,848
49,864
50,881
51,897
52,914
53,931
54,947
55,964
56,984
57,1004
58,1023
59,1041
60,1059
61,1078
62,1097
63,1117
64,1135
65,1153
66,1171
67,1189
68,1207
69,1226
70,1244
71,1262
72,1280
73,1298
74,1317
75,1335
76,1354
77,1372
78,1391
79,1410
80,1428
81,1447
82,1465
83,1483
84,1500
85,1518
86,1535
87,1552
88,1569
89,1585
90,1602
91,1619
92,1635
93,1652
94,1669
95,1689
96,1710
97,1727
98,1744
99,1762
100,1779
101,1796
102,1816
103,1834
104,1851
105,1868
106,1886
107,1902
108,1918
109,1934
110,1950
111,1966
112,1982
113,1998
114,2014
115,2032
116,2049
117,2065
118,2085
119,2102
120,2120
121,2139
122,2156
123,2173
124,2190
125,2207
126,2226
127,2244
128,2261
129,2280
130,2303
131,2320
132,2337
133,2354
134,2371
135,2390
136,2408
137,2425
138,2441
139,2461
140,2479
141,2496
142,2514
143,2533
144,2550
145,2568
146,2585
147,2602
148,2619
149,2639
150,2655
151,2672
152,2692
153,2708
154,2726
155,2742
156,2759
157,2776
158,2793
159,2814
160,2833
161,2852
162,2872
163,2890
164,2907
165,2924
166,2941
167,2958
168,2975
169,2993
170,3014
171,3033
172,3051
173,3068
174,3084
175,3101
176,3120
177,3137
178,3153
179,3171
180,3190
181,3210
182,3230
183,3249
184,3267
185,3286
186,3305
187,3324
188,3343
189,3362
190,3381
191,3403
192,3421
193,3443
194,3465
195,3487
196,3506
197,3523
198,3543
199,3563
200,3582
201,3600
202,3620
203,3638
204,3657
205,3679
206,3698
207,3717
208,3736
209,3753
210,3771
211,3788
212,3808
213,3827
214,3847
215,3870
216,3890
217,3910
218,3928
219,3952
220,3974
221,3996
222,4018
223,4039
224,4062
225,4083
226,4105
227,4128
228,4150
229,4173
230,4195
231,4218
232,4237
233,4253
234,4271
235,4288
236,4305
237,4325
238,4348
239,4374
240,4399
241,4422
242,4449
243,4476
244,4498
245,4520
246,4541
247,4562
248,4580
249,4598
250,4616
251,4635
252,4653
253,4671
254,4689
255,4707
256,4725
257,4743
258,4764
259,4791
260,4812
261,4831
262,4848
263,4865
264,4883
265,4902
266,4919
267,4936
268,4953
269,4971
270,4989
271,5006
272,5024
273,5042
274,5058
275,5075
276,5093
277,5114
278,5133
279,5152
280,5169
281,5186
282,5204
283,5222
284,5241
285,5257
286,5274
287,5291
288,5309
289,5328
290,5346
291,5363
292,5381
293,5398
294,5417
295,5437
296,5456
297,5475
298,5494
299,5513
300,5532
301,5549
302,5566
303,5583
304,5600
305,5617
306,5634
307,5651
308,5667
309,5684
310,5701
311,5720
312,5741
313,5760
314,5779
315,5798
316,5831
317,5861
318,5889
319,5918
320,5946
321,5975
322,6003
323,6032
324,6061
325,6080
326,6099
327,6118
328,6136
329,6154
330,6171
331,6189
332,6212
333,6233
334,6252
335,6269
336,6286
337,6304
338,6321
339,6337
340,6355
341,6372
342,6389
343,6405
344,6421
345,6438
346,6454
347,6471
348,6490
349,6507
350,6524
351,6543
352,6560
353,6578
354,6595
355,6611
356,6627
357,6643
358,6662
359,6679
360,6695
361,6712
362,6728
363,6745
364,6761
365,6779
366,6796
367,6812
368,6828
369,6844
370,6860
371,6879
372,6897
373,6916
374,6936
375,6955
376,6973
377,6990
378,7008
379,7028
380,7047
381,7067
382,7089
383,7112
384,7132
385,7151
386,7170
387,7188
388,7206
389,7225
390,7244
391,7263
392,7283
393,7300
394,7317
395,7334
396,7351
397,7367
398,7383
399,7399
400,7416
401,7432
402,7448
403,7464
404,7480
405,7497
406,7513
407,7530
408,7546
409,7566
410,7586
411,7604
412,7622
413,7639
414,7657
415,7674
416,7691
417,7710
418,7730
419,7749
420,7767
421,7785
422,7803
423,7820
424,7837
425,7857
426,7878
427,7896
428,7915
429,7933
430,7951
431,7970
432,7988
433,8006
434,8026
435,8045
436,8064
437,8082
438,8100
439,8117
440,8133
441,8150
442,8167
443,8184
444,8202
445,8222
446,8242
447,8260
448,8278
449,8297
450,8316
451,8335
452,8352
453,8370
454,8389
455,8408
456,8427
457,8446
458,8464
459,8481
460,8497
461,8514
462,8531
463,8548
464,8564
465,8581
466,8597
467,8616
468,8633
469,8649
470,8665
471,8681
472,8701
473,8717
474,8733
475,8750
476,8766
477,8783
478,8800
479,8816
480,8833
481,8850
482,8866
483,8882
484,8898
485,8914
486,8930
487,8946
488,8963
489,8982
490,8998
491,9014
492,9031
493,9047
494,9063
495,9079
496,9095
497,9114
498,9136
499,9154
500,9173
501,9191
502,9209
503,9229
504,9249
505,9270
506,9289
507,9308
508,9326
509,9345
510,9363
511,9379
512,9395
513,9411
514,9428
515,9444
516,9460
517,9476
518,9492
519,9509
520,9525
521,9541
522,9557
523,9573
524,9589
525,9605
526,9622
527,9641
528,9657
529,9673
530,9689
531,9706
532,9722
533,9738
534,9754
535,9770
536,9786
537,9802
538,9818
539,9834
540,9850
541,9866
542,9882
543,9898
544,9913
545,9930
546,9947
547,9966
548,9983
549,9999
550,10015
551,10031
552,10047
553,10064
554,10081
555,10097
556,10113
557,10129
558,10145
559,10162
560,10178
561,10194
562,10210
563,10226
564,10242
565,10258
566,10274
567,10290
568,10306
569,10322
570,10338
571,10354
572,10370
573,10386
574,10402
575,10418
576,10434
577,10451
578,10466
579,10482
580,10499
581,10514
582,10530
583,10546
584,10562
585,10578
586,10594
587,10610
588,10626
589,10642
590,10658
591,10674
592,10690
593,10706
594,10722
595,10738
596,10754
597,10772
598,10788
599,10804
