1,17
2,35
3,52
4,69
5,87
6,106
7,126
8,143
9,161
10,179
11,200
12,218
13,236
14,253
15,271
16,289
17,308
18,326
19,345
20,363
21,379
22,397
23,414
24,431
25,448
26,466
27,483
28,500
29,521
30,541
31,560
32,580
33,598
34,618
35,641
36,661
37,679
38,698
39,717
40,736
41,756
42,775
43,795
44,817
45,837
46,856
47,875
48,893
49,917
50,939
51,961
52,982
53,1001
54,1021
55,1040
56,1060
57,1081
58,1101
59,1122
60,1142
61,1163
62,1183
63,1204
64,1223
65,1246
66,1266
67,1284
68,1302
69,1322
70,1341
71,1359
72,1380
73,1399
74,1417
75,1436
76,1455
77,1473
78,1492
79,1511
80,1530
81,1551
82,1570
83,1588
84,1606
85,1624
86,1644
87,1666
88,1686
89,1706
90,1729
91,1751
92,1771
93,1789
94,1807
95,1824
96,1843
97,1861
98,1879
99,1896
100,1913
101,1929
102,1946
103,1963
104,1979
105,1999
106,2016
107,2032
108,2051
109,2067
110,2084
111,2100
112,2118
113,2139
114,2157
115,2174
116,2192
117,2210
118,2228
119,2245
120,2261
121,2281
122,2298
123,2315
124,2332
125,2350
126,2367
127,2388
128,2406
129,2426
