1,19
2,41
3,67
4,95
5,119
6,141
7,166
8,190
9,215
10,238
11,264
12,290
13,314
14,334
15,355
16,378
17,399
18,417
19,437
20,458
21,478
22,500
23,522
24,543
25,561
26,578
27,595
28,613
29,630
30,648
31,665
32,681
33,699
34,715
35,732
36,749
37,766
38,783
39,799
40,816
41,835
42,855
43,874
44,893
45,915
46,938
47,963
48,990
49,1019
50,1041
51,1063
52,1084
53,1102
54,1122
55,1140
56,1157
57,1175
58,1193
59,1212
60,1231
61,1249
62,1267
63,1284
64,1301
65,1319
66,1338
67,1355
68,1372
69,1391
70,1409
71,1426
72,1443
73,1460
74,1477
75,1497
76,1516
77,1535
78,1552
79,1570
80,1588
81,1606
82,1625
83,1647
84,1668
85,1690
86,1710
87,1729
88,1747
89,1767
90,1786
91,1807
92,1829
93,1848
94,1869
95,1892
96,1911
97,1929
98,1949
99,1970
100,1991
101,2009
102,2029
103,2048
104,2067
105,2088
106,2106
107,2126
108,2145
109,2164
110,2183
111,2202
112,2219
113,2238
114,2255
115,2275
116,2293
117,2313
118,2332
119,2352
120,2374
121,2400
122,2425
123,2448
124,2473
125,2493
126,2510
127,2529
128,2550
129,2569
130,2588
131,2607
132,2625
133,2644
134,2663
135,2682
136,2701
137,2719
138,2737
139,2756
140,2776
141,2794
142,2811
143,2829
144,2847
145,2865
146,2882
147,2900
148,2917
149,2935
150,2953
151,2970
152,2989
153,3007
154,3024
155,3041
156,3059
157,3075
158,3093
159,3110
160,3127
161,3143
162,3160
163,3177
164,3194
165,3211
166,3228
167,3245
168,3261
169,3278
170,3296
171,3313
172,3330
173,3349
174,3367
175,3387
176,3411
177,3434
178,3457
179,3482
180,3505
181,3526
182,3545
183,3564
184,3583
185,3602
186,3621
187,3639
188,3658
189,3676
190,3694
191,3712
192,3731
193,3749
194,3768
195,3787
196,3805
197,3823
198,3841
199,3860
200,3878
201,3896
202,3914
203,3934
204,3957
205,3978
206,4000
207,4020
208,4040
209,4061
210,4081
211,4100
212,4118
213,4135
214,4152
215,4169
216,4186
217,4202
218,4219
219,4237
220,4254
221,4271
222,4290
223,4308
224,4328
225,4346
226,4364
227,4381
228,4399
229,4417
230,4435
231,4454
232,4472
233,4490
234,4508
235,4526
236,4544
237,4562
238,4580
239,4600
240,4619
241,4637
242,4655
243,4673
244,4690
245,4709
246,4728
247,4745
248,4762
249,4779
250,4796
251,4813
252,4830
253,4847
254,4864
255,4881
256,4898
257,4915
258,4932
259,4949
260,4965
261,4982
262,4998
263,5014
264,5030
265,5046
266,5062
267,5079
268,5095
269,5111
270,5127
271,5144
272,5161
273,5178
274,5195
275,5211
276,5228
277,5244
278,5262
279,5282
280,5300
281,5319
282,5336
283,5356
284,5378
285,5396
286,5417
287,5436
288,5457
289,5479
290,5500
291,5519
292,5537
293,5553
294,5570
295,5586
296,5602
297,5618
298,5634
299,5650
300,5667
301,5684
302,5702
303,5719
304,5736
305,5752
306,5769
307,5785
308,5802
309,5818
310,5836
311,5854
312,5871
313,5888
314,5904
315,5921
316,5938
317,5955
318,5973
319,5991
320,6008
321,6025
322,6041
323,6058
324,6074
325,6091
326,6107
327,6125
328,6141
329,6158
330,6178
331,6196
332,6215
333,6234
334,6251
335,6270
336,6289
337,6308
338,6329
339,6347
340,6365
341,6384
342,6401
343,6418
344,6434
345,6450
346,6467
347,6483
348,6500
349,6517
350,6534
351,6551
352,6567
353,6584
354,6600
355,6616
356,6632
357,6648
358,6665
359,6681
360,6697
361,6713
362,6730
363,6746
364,6765
365,6781
366,6797
367,6817
368,6833
369,6850
370,6866
371,6882
372,6898
373,6914
374,6930
375,6946
376,6963
377,6979
378,6995
379,7011
380,7027
381,7043
382,7060
383,7076
384,7092
385,7109
386,7128
387,7145
388,7162
389,7179
390,7195
391,7211
392,7230
393,7246
394,7263
395,7279
396,7295
397,7311
398,7327
399,7344
400,7360
401,7377
402,7396
403,7415
404,7433
405,7450
406,7469
407,7487
408,7503
409,7521
410,7540
411,7558
412,7576
413,7593
414,7611
415,7629
416,7648
417,7666
418,7684
419,7702
420,7720
421,7738
422,7755
423,7773
424,7792
425,7809
426,7826
427,7843
428,7859
429,7876
430,7892
431,7911
432,7928
433,7945
434,7961
435,7977
436,7993
437,8012
438,8028
439,8045
440,8061
441,8081
442,8100
443,8117
444,8134
445,8151
446,8169
447,8188
448,8205
449,8222
450,8238
451,8254
452,8271
453,8289
454,8306
455,8322
456,8339
457,8356
458,8373
459,8390
460,8408
461,8425
462,8443
463,8462
464,8480
465,8500
466,8518
467,8536
468,8554
469,8572
470,8590
471,8607
472,8626
473,8644
474,8661
475,8679
476,8699
477,8716
478,8733
479,8751
480,8768
481,8787
482,8806
483,8824
484,8841
485,8860
486,8877
487,8895
488,8912
489,8931
490,8949
491,8967
492,8983
493,8999
494,9016
495,9034
496,9052
497,9071
498,9090
499,9108
500,9127
501,9146
502,9165
503,9182
504,9199
505,9216
506,9236
507,9255
508,9274
509,9296
510,9321
511,9344
512,9370
513,9389
514,9408
515,9427
516,9448
517,9466
518,9484
519,9502
520,9520
521,9538
522,9556
523,9575
524,9593
525,9611
526,9629
527,9646
528,9663
529,9680
530,9698
531,9715
532,9733
533,9750
534,9766
535,9783
536,9799
537,9816
538,9834
539,9852
540,9871
541,9889
542,9907
543,9926
544,9945
545,9964
546,9981
547,10000
548,10017
549,10035
550,10053
551,10071
552,10087
553,10104
554,10121
555,10139
556,10158
557,10175
558,10193
559,10210
560,10228
561,10247
562,10265
563,10283
564,10301
565,10318
566,10336
567,10354
568,10371
569,10395
570,10420
571,10444
572,10469
573,10494
574,10518
