1,18
2,38
3,57
4,76
5,94
6,112
7,130
8,147
9,164
10,181
11,198
12,215
13,232
14,249
15,265
16,282
17,299
18,316
19,333
20,351
21,372
22,392
23,410
24,429
25,448
26,468
27,488
28,507
29,526
30,544
31,563
32,581
33,599
34,618
35,636
36,655
37,675
38,693
39,711
40,730
41,749
42,768
43,787
44,808
45,826
46,845
47,864
48,884
49,904
50,924
51,944
52,962
53,979
54,997
55,1013
56,1030
57,1047
58,1064
59,1081
60,1098
61,1115
62,1132
63,1149
64,1165
65,1182
66,1199
67,1215
68,1231
69,1247
70,1263
71,1279
72,1295
73,1311
74,1327
75,1344
76,1360
77,1376
78,1392
79,1408
80,1424
81,1440
82,1456
83,1473
84,1489
85,1506
86,1522
87,1538
88,1554
89,1570
90,1586
91,1602
92,1618
93,1634
94,1650
95,1666
96,1683
97,1700
98,1717
99,1733
100,1749
101,1765
102,1781
103,1797
104,1814
105,1830
106,1846
107,1862
108,1878
109,1894
110,1910
111,1926
112,1942
113,1958
114,1974
115,1990
116,2006
117,2022
118,2038
119,2055
120,2071
121,2087
122,2103
123,2119
124,2135
125,2151
126,2167
127,2183
128,2199
129,2215
130,2231
131,2247
132,2263
133,2279
134,2296
135,2312
136,2327
137,2343
138,2359
139,2375
140,2391
141,2407
142,2423
143,2439
144,2456
145,2472
146,2488
147,2504
148,2520
149,2537
150,2553
151,2569
152,2585
153,2601
154,2617
155,2633
156,2649
157,2665
158,2683
159,2700
160,2717
161,2733
162,2749
163,2765
164,2782
165,2798
166,2814
167,2830
168,2846
169,2863
170,2878
171,2894
172,2911
173,2927
174,2943
175,2959
176,2975
177,2991
178,3007
179,3023
180,3039
181,3055
182,3071
183,3087
184,3104
185,3120
186,3136
187,3152
188,3167
189,3183
190,3199
191,3215
192,3231
193,3247
194,3264
195,3280
196,3296
197,3312
198,3328
199,3344
200,3360
201,3376
202,3392
203,3408
204,3425
205,3441
206,3457
207,3473
208,3489
209,3505
210,3522
211,3538
212,3554
213,3570
214,3586
215,3602
216,3618
217,3634
218,3650
219,3666
220,3682
221,3698
222,3714
223,3730
224,3748
225,3768
226,3787
227,3805
228,3823
229,3842
230,3859
231,3877
232,3894
233,3911
234,3929
235,3946
236,3963
237,3981
238,4001
239,4019
240,4037
241,4056
242,4075
243,4093
244,4111
245,4127
246,4144
247,4160
248,4176
249,4192
250,4208
251,4224
252,4240
253,4256
254,4272
255,4289
256,4305
257,4321
258,4337
259,4353
260,4369
261,4385
262,4402
263,4418
264,4434
265,4450
266,4466
267,4482
268,4498
269,4514
270,4530
271,4547
272,4562
273,4579
274,4595
275,4613
276,4630
277,4647
278,4663
279,4679
280,4695
281,4713
282,4730
283,4747
284,4764
285,4780
286,4796
287,4812
288,4829
289,4845
290,4861
291,4877
292,4893
293,4909
294,4925
295,4941
296,4957
297,4973
298,4989
299,5005
300,5021
301,5038
302,5054
303,5070
304,5086
305,5102
306,5118
307,5134
308,5150
309,5166
310,5182
311,5198
312,5213
313,5230
314,5246
315,5262
316,5278
317,5294
318,5310
319,5326
320,5343
321,5360
322,5376
323,5392
324,5408
325,5424
326,5440
327,5456
328,5472
329,5488
330,5504
331,5520
332,5537
333,5553
334,5569
335,5586
336,5602
337,5619
338,5635
339,5652
340,5671
341,5689
342,5708
343,5725
344,5742
345,5760
346,5779
347,5797
348,5815
349,5832
350,5849
351,5866
352,5883
353,5899
354,5915
355,5931
356,5947
357,5964
358,5980
359,5996
360,6012
361,6028
362,6044
363,6060
364,6076
365,6092
366,6109
367,6125
368,6141
369,6157
370,6174
371,6191
372,6208
373,6225
374,6241
375,6257
376,6273
377,6290
378,6306
379,6323
380,6339
381,6355
