1,19
2,37
3,55
4,72
5,90
6,108
7,125
8,143
9,161
10,179
11,196
12,214
13,231
14,248
15,265
16,283
17,300
18,317
19,334
20,351
21,369
22,388
23,408
24,427
25,448
26,468
27,488
28,507
29,527
30,546
31,564
32,583
33,603
34,624
35,643
36,662
37,680
38,699
39,716
40,733
41,750
42,767
43,787
44,804
45,820
46,839
47,856
48,872
49,888
50,905
51,921
52,937
53,956
54,973
55,989
56,1009
57,1025
58,1042
59,1058
60,1074
61,1090
62,1106
63,1122
64,1139
65,1155
66,1172
67,1188
68,1204
69,1220
70,1236
71,1252
72,1268
73,1285
74,1300
75,1317
76,1332
77,1348
78,1365
79,1382
80,1398
81,1415
82,1432
83,1449
84,1469
85,1486
86,1503
87,1519
88,1536
89,1553
90,1572
91,1595
92,1615
93,1637
94,1656
95,1675
96,1694
97,1711
98,1727
99,1746
100,1762
101,1778
102,1795
103,1811
104,1827
105,1843
106,1859
107,1875
108,1891
109,1907
110,1924
111,1940
112,1956
113,1972
114,1988
115,2004
116,2020
117,2038
118,2054
119,2070
120,2086
121,2102
122,2119
123,2134
124,2150
125,2166
126,2182
127,2198
128,2214
129,2230
130,2247
131,2263
132,2279
133,2295
134,2312
135,2329
136,2350
137,2368
138,2384
139,2401
140,2417
141,2433
142,2450
143,2466
144,2483
145,2499
146,2516
147,2532
148,2549
149,2567
150,2584
151,2601
152,2622
153,2643
154,2663
155,2683
156,2701
157,2718
158,2735
159,2757
160,2776
161,2793
162,2810
163,2829
164,2850
165,2869
166,2886
167,2903
168,2921
169,2938
170,2956
171,2974
172,2991
173,3008
174,3026
175,3044
176,3064
177,3081
178,3100
179,3117
180,3135
181,3152
182,3169
183,3186
184,3204
185,3225
186,3242
187,3259
188,3279
189,3295
190,3313
191,3330
192,3347
193,3364
194,3381
195,3397
196,3413
197,3430
198,3446
199,3463
200,3480
201,3496
202,3512
203,3529
204,3546
205,3563
206,3579
207,3595
208,3613
209,3630
210,3647
211,3664
212,3684
213,3703
214,3720
215,3737
216,3757
217,3777
218,3797
219,3814
220,3832
221,3848
222,3867
223,3887
224,3905
225,3925
226,3942
227,3959
228,3977
229,3994
230,4011
231,4028
232,4045
233,4067
234,4083
235,4100
236,4116
237,4132
238,4148
239,4164
240,4180
241,4197
242,4214
243,4230
244,4247
245,4265
246,4284
247,4306
248,4327
249,4347
250,4366
251,4385
252,4407
253,4426
254,4446
255,4467
256,4490
257,4509
258,4530
259,4549
260,4568
261,4589
262,4607
263,4624
264,4641
265,4658
266,4674
267,4695
268,4715
269,4734
270,4753
271,4771
272,4790
273,4812
274,4832
275,4852
276,4872
277,4893
278,4912
279,4931
280,4950
281,4970
282,4987
283,5005
284,5022
285,5039
286,5057
287,5074
288,5091
289,5108
290,5124
291,5141
292,5156
293,5173
294,5189
295,5206
296,5223
297,5242
298,5260
299,5278
300,5297
301,5315
302,5333
303,5349
304,5366
305,5386
306,5405
307,5423
308,5442
309,5461
310,5479
311,5495
312,5514
313,5533
314,5552
315,5569
316,5588
317,5607
318,5627
319,5646
320,5666
321,5685
322,5705
323,5723
324,5741
325,5758
326,5777
327,5794
328,5811
329,5829
330,5847
331,5864
332,5882
333,5901
334,5918
335,5937
336,5957
337,5977
338,5995
339,6014
340,6032
341,6052
342,6072
343,6091
344,6109
345,6127
346,6144
347,6161
348,6179
349,6196
350,6213
351,6230
352,6247
353,6264
354,6280
355,6297
356,6314
357,6331
358,6347
359,6363
360,6380
361,6396
362,6413
363,6429
364,6445
365,6462
366,6478
367,6494
368,6510
369,6526
370,6542
371,6559
372,6575
373,6591
374,6607
375,6623
376,6641
377,6658
378,6674
379,6690
380,6706
381,6723
382,6738
383,6755
384,6771
385,6787
386,6803
387,6819
388,6836
389,6851
390,6867
391,6884
392,6901
393,6918
394,6935
395,6953
396,6971
397,6989
398,7007
399,7024
400,7042
401,7060
402,7079
403,7099
404,7117
405,7134
406,7152
407,7169
408,7192
409,7214
410,7234
411,7255
412,7278
413,7297
414,7319
415,7341
416,7360
417,7379
418,7401
419,7421
420,7439
421,7458
422,7479
423,7499
424,7518
425,7539
426,7562
427,7584
428,7606
429,7626
430,7647
431,7668
432,7693
433,7714
434,7738
435,7760
436,7778
437,7799
438,7818
439,7837
440,7856
441,7876
442,7899
443,7921
444,7942
445,7963
446,7985
447,8005
448,8025
449,8046
450,8069
451,8090
452,8110
453,8130
454,8148
455,8166
456,8185
457,8203
458,8222
459,8241
460,8260
461,8279
462,8300
463,8320
464,8340
465,8359
466,8378
467,8396
468,8414
469,8432
470,8450
471,8469
472,8489
473,8508
474,8525
475,8543
476,8564
477,8584
478,8603
479,8621
480,8639
481,8657
482,8675
483,8692
484,8709
485,8727
486,8743
487,8760
488,8777
489,8794
490,8811
491,8829
492,8852
493,8871
494,8889
495,8908
496,8926
497,8947
498,8965
499,8983
500,9001
501,9020
502,9037
503,9053
504,9069
505,9086
506,9105
507,9123
508,9139
509,9156
510,9172
511,9188
512,9204
513,9220
514,9237
515,9253
516,9269
517,9286
518,9303
519,9321
520,9341
521,9359
522,9376
523,9395
524,9414
525,9431
526,9449
527,9466
528,9483
529,9501
530,9519
531,9537
532,9555
533,9572
534,9590
535,9607
536,9625
537,9643
538,9663
539,9680
540,9699
541,9717
542,9736
543,9754
544,9772
545,9790
546,9807
547,9824
548,9840
549,9857
550,9875
551,9891
552,9908
553,9925
554,9942
555,9958
556,9974
557,9991
558,10007
559,10027
560,10044
561,10062
562,10079
563,10099
564,10120
565,10138
566,10157
567,10176
568,10194
569,10216
570,10238
571,10256
572,10274
573,10294
574,10312
575,10330
576,10348
577,10367
578,10385
579,10404
580,10422
581,10440
582,10458
583,10477
584,10495
585,10513
586,10532
587,10550
588,10569
589,10587
590,10605
591,10622
592,10640
593,10657
594,10674
595,10691
596,10708
597,10724
598,10741
599,10759
