1,19
2,42
3,63
4,82
5,104
6,123
7,145
8,166
9,188
10,209
11,231
12,254
13,275
14,294
15,312
16,332
17,350
18,369
19,390
20,411
21,432
22,451
23,472
24,490
25,510
26,530
27,548
28,567
29,586
30,605
31,623
32,642
33,660
34,678
35,695
36,711
37,728
38,748
39,765
40,784
41,802
42,819
43,836
44,852
45,872
46,889
47,905
48,922
49,939
50,955
51,974
52,993
53,1015
54,1031
55,1047
56,1063
57,1079
58,1102
59,1119
60,1135
61,1151
62,1167
63,1184
64,1200
65,1217
66,1233
67,1249
68,1265
69,1281
70,1297
71,1313
72,1329
73,1345
74,1361
75,1377
76,1393
77,1409
78,1425
79,1441
80,1457
81,1473
82,1489
83,1506
84,1522
85,1538
86,1554
87,1570
88,1587
89,1603
90,1620
91,1636
92,1652
93,1668
94,1684
95,1700
96,1716
97,1732
98,1748
99,1765
100,1781
101,1797
102,1813
103,1829
104,1845
105,1862
106,1878
107,1894
108,1910
109,1926
110,1942
111,1958
112,1976
113,1993
114,2009
115,2025
116,2041
117,2057
118,2073
119,2089
120,2105
121,2121
122,2139
123,2158
124,2174
125,2190
126,2206
127,2222
128,2239
129,2255
130,2271
131,2287
132,2303
133,2320
134,2335
135,2351
136,2368
137,2383
138,2400
139,2416
140,2432
141,2448
142,2464
143,2480
144,2498
145,2515
146,2532
147,2549
148,2567
149,2584
150,2601
151,2619
152,2637
153,2656
154,2674
155,2692
156,2709
157,2727
158,2745
159,2762
160,2779
161,2797
162,2815
163,2833
164,2851
165,2868
166,2886
167,2904
168,2924
169,2941
170,2958
171,2976
172,2994
173,3013
174,3030
175,3047
176,3064
177,3081
178,3099
179,3120
180,3139
181,3156
182,3172
183,3188
184,3206
185,3224
186,3240
187,3256
188,3272
189,3289
190,3305
191,3322
192,3340
193,3357
194,3374
195,3392
196,3409
197,3429
198,3447
199,3464
200,3481
201,3498
202,3517
203,3536
204,3555
205,3572
206,3591
207,3608
208,3626
209,3644
210,3661
211,3681
212,3700
213,3717
214,3736
215,3754
216,3771
217,3789
218,3807
219,3824
220,3842
221,3859
222,3875
223,3892
224,3909
225,3928
226,3946
227,3963
228,3986
229,4008
230,4026
231,4044
232,4060
233,4078
234,4095
235,4112
236,4131
237,4149
238,4166
239,4184
240,4203
241,4220
242,4237
243,4257
244,4275
245,4292
246,4313
247,4330
248,4346
249,4366
250,4386
251,4405
252,4429
253,4447
254,4463
255,4480
256,4497
257,4514
258,4531
259,4547
260,4564
261,4581
262,4598
263,4614
264,4630
265,4647
266,4663
267,4683
268,4700
269,4720
270,4739
271,4759
272,4778
273,4798
274,4816
275,4836
276,4856
277,4875
278,4895
279,4915
280,4935
281,4954
282,4974
283,4992
284,5010
285,5029
286,5049
287,5068
288,5088
289,5108
290,5128
291,5148
292,5167
293,5186
294,5204
295,5225
296,5247
297,5268
298,5288
299,5308
300,5328
301,5345
302,5362
303,5386
304,5406
305,5423
306,5440
307,5458
308,5479
309,5502
310,5523
311,5542
312,5561
313,5581
314,5605
315,5625
316,5646
317,5669
318,5689
319,5710
320,5729
321,5750
322,5769
323,5788
324,5807
325,5826
326,5845
327,5866
328,5885
329,5904
330,5922
331,5940
332,5960
333,5979
334,5999
335,6020
336,6040
337,6060
338,6079
339,6099
340,6116
341,6132
342,6149
343,6166
344,6183
345,6200
346,6216
347,6233
348,6250
349,6266
350,6282
351,6298
352,6315
353,6332
354,6348
355,6364
356,6381
357,6397
358,6414
359,6431
360,6450
361,6467
362,6484
363,6503
364,6521
365,6538
366,6555
367,6571
368,6588
369,6605
370,6624
371,6645
372,6663
373,6680
374,6697
375,6714
376,6733
377,6750
378,6766
379,6783
380,6799
381,6815
382,6831
383,6848
384,6864
385,6880
386,6899
387,6916
388,6932
389,6948
390,6964
391,6981
392,6997
393,7013
394,7029
395,7045
396,7061
397,7077
398,7093
399,7109
400,7126
401,7142
402,7160
403,7177
404,7193
405,7209
406,7226
407,7243
408,7263
409,7281
410,7301
411,7321
412,7339
413,7356
414,7372
415,7391
416,7407
417,7428
418,7446
419,7462
420,7480
421,7496
422,7512
423,7528
424,7546
425,7563
426,7579
427,7597
428,7614
429,7633
430,7653
431,7673
432,7692
433,7712
434,7733
435,7752
436,7772
437,7792
438,7811
439,7831
440,7849
441,7868
442,7887
443,7905
444,7924
445,7944
446,7964
447,7984
448,8003
449,8022
450,8042
451,8061
452,8079
453,8096
454,8113
455,8130
456,8147
457,8163
458,8180
459,8198
460,8220
461,8239
462,8258
463,8276
464,8294
465,8314
466,8332
467,8350
468,8368
469,8387
470,8405
471,8424
472,8443
473,8461
474,8480
475,8499
476,8518
477,8536
478,8555
479,8573
480,8591
481,8608
482,8625
483,8642
484,8659
485,8676
486,8692
487,8709
488,8726
489,8743
490,8762
491,8781
492,8798
493,8816
494,8835
495,8851
496,8868
497,8889
498,8909
499,8927
500,8946
501,8963
502,8981
503,9000
504,9019
505,9037
506,9055
507,9072
508,9088
509,9105
510,9121
511,9138
512,9154
513,9170
514,9186
515,9202
516,9218
517,9234
518,9250
519,9267
520,9283
521,9299
522,9315
523,9331
524,9347
525,9363
526,9380
527,9396
528,9412
529,9428
530,9444
531,9461
532,9477
533,9492
534,9509
535,9525
536,9542
537,9561
538,9581
539,9601
540,9620
541,9638
542,9656
543,9676
544,9696
545,9716
546,9734
547,9753
548,9771
549,9789
550,9808
551,9827
552,9845
553,9864
554,9883
555,9901
556,9920
557,9938
558,9956
559,9975
560,9993
561,10010
562,10027
563,10043
564,10060
565,10076
566,10093
567,10109
568,10126
569,10142
570,10160
571,10177
572,10194
573,10211
574,10227
575,10244
576,10261
577,10278
578,10294
579,10310
580,10327
581,10343
582,10360
583,10376
584,10393
585,10409
586,10425
587,10442
588,10458
589,10475
590,10493
591,10510
592,10527
593,10546
594,10564
595,10583
596,10601
597,10619
598,10636
599,10654
