1,20
2,36
3,52
4,68
5,87
6,104
7,121
8,137
9,156
10,175
11,194
12,211
13,229
14,248
15,267
16,285
17,303
18,320
19,338
20,356
21,374
22,393
23,411
24,429
25,447
26,465
27,483
28,501
29,519
30,537
31,556
32,575
33,594
34,613
35,632
36,649
37,665
38,682
39,699
40,716
41,732
42,749
43,765
44,782
45,799
46,816
47,833
48,851
49,868
50,885
51,903
52,921
53,938
54,956
55,973
56,990
57,1008
58,1025
59,1043
60,1061
61,1078
62,1096
63,1114
64,1132
65,1149
66,1167
67,1185
68,1202
69,1220
70,1237
71,1255
72,1272
73,1290
74,1307
75,1324
76,1341
77,1358
78,1375
79,1396
80,1416
81,1436
82,1455
83,1473
84,1494
85,1514
86,1538
87,1560
88,1579
89,1597
90,1616
91,1634
92,1653
93,1671
94,1689
95,1708
96,1727
97,1747
98,1767
99,1785
100,1804
101,1822
102,1842
103,1860
104,1878
105,1896
106,1914
107,1933
108,1952
109,1970
110,1989
111,2008
112,2027
113,2046
114,2064
115,2082
116,2100
117,2118
118,2136
119,2156
120,2174
121,2191
122,2207
123,2224
124,2241
125,2258
126,2275
127,2292
128,2309
129,2326
130,2343
131,2361
132,2381
133,2401
134,2420
135,2439
136,2456
137,2476
138,2497
139,2515
140,2534
141,2552
142,2571
143,2589
144,2608
145,2626
146,2645
147,2662
148,2681
149,2700
150,2719
151,2738
152,2757
153,2775
154,2792
155,2810
156,2827
157,2845
158,2863
159,2879
160,2896
161,2913
162,2930
163,2947
164,2963
165,2980
166,2997
167,3014
168,3032
169,3052
170,3072
171,3091
172,3110
173,3128
174,3147
175,3167
176,3186
177,3205
178,3224
179,3242
180,3262
181,3282
182,3301
183,3323
184,3343
185,3363
186,3385
187,3407
188,3428
189,3447
190,3470
191,3489
192,3509
193,3527
194,3546
195,3566
196,3583
197,3600
198,3617
199,3634
200,3651
201,3669
202,3686
203,3703
204,3720
205,3738
206,3756
207,3776
208,3795
209,3812
210,3832
211,3849
212,3865
213,3882
214,3898
215,3914
216,3930
217,3946
218,3962
219,3978
220,3994
221,4010
222,4027
223,4043
224,4059
225,4075
226,4091
227,4107
228,4123
229,4139
230,4155
231,4173
232,4189
233,4205
234,4222
235,4238
236,4257
237,4274
238,4290
239,4309
240,4327
241,4345
242,4366
243,4383
244,4399
245,4417
246,4435
247,4454
248,4471
249,4489
250,4505
251,4522
252,4539
253,4557
254,4574
255,4591
256,4607
257,4624
258,4642
259,4659
260,4677
261,4696
262,4717
263,4734
264,4754
265,4772
266,4790
267,4808
268,4826
269,4844
270,4861
271,4880
272,4897
273,4914
274,4931
275,4951
276,4968
277,4985
278,5001
279,5017
280,5033
281,5049
282,5066
283,5082
284,5100
285,5118
286,5134
287,5151
288,5167
289,5183
290,5199
291,5215
292,5231
293,5248
294,5264
295,5280
296,5296
297,5312
298,5329
299,5345
300,5361
301,5377
302,5393
303,5410
304,5426
305,5442
306,5458
307,5475
308,5492
309,5509
310,5526
311,5543
312,5560
313,5577
314,5595
315,5611
316,5628
317,5646
318,5663
319,5682
320,5702
321,5719
322,5737
323,5753
324,5770
325,5787
326,5803
327,5820
328,5836
329,5852
330,5869
331,5885
332,5901
333,5918
334,5934
335,5951
336,5968
337,5986
338,6003
339,6021
340,6039
341,6057
342,6078
343,6096
344,6115
345,6134
346,6151
347,6168
348,6187
349,6207
350,6224
351,6242
352,6260
353,6279
354,6298
355,6319
356,6340
357,6359
358,6378
359,6396
360,6415
361,6435
362,6452
363,6472
364,6489
365,6506
366,6523
367,6541
368,6558
369,6576
370,6592
371,6609
372,6626
373,6645
374,6661
375,6677
376,6693
377,6710
378,6726
379,6742
380,6758
381,6774
382,6790
383,6807
384,6826
385,6842
386,6858
387,6874
388,6890
389,6906
390,6923
391,6939
392,6958
393,6974
394,6990
395,7006
396,7022
397,7038
398,7054
399,7071
400,7088
401,7104
402,7120
403,7137
404,7154
405,7173
406,7192
407,7211
408,7230
409,7247
410,7265
411,7283
412,7300
413,7318
414,7336
415,7365
416,7382
417,7399
418,7415
419,7431
420,7447
421,7463
422,7480
423,7496
424,7514
425,7530
426,7546
427,7564
428,7580
429,7596
430,7613
431,7629
432,7645
433,7661
434,7677
435,7693
436,7709
437,7725
438,7741
439,7757
440,7774
441,7790
442,7805
443,7821
444,7838
445,7857
446,7875
447,7895
448,7915
449,7934
450,7952
451,7970
452,7990
453,8009
454,8029
455,8048
456,8067
457,8086
458,8104
459,8122
460,8140
461,8159
462,8177
463,8196
464,8215
465,8234
466,8252
467,8271
468,8291
469,8309
470,8327
471,8346
472,8365
473,8384
474,8403
475,8422
476,8439
477,8457
478,8475
479,8493
480,8510
481,8527
482,8545
483,8561
484,8578
485,8595
486,8612
487,8628
488,8645
489,8662
490,8679
491,8696
492,8712
493,8729
494,8748
495,8768
496,8787
497,8805
498,8824
499,8842
500,8862
501,8881
502,8900
503,8918
504,8936
505,8956
506,8975
507,8994
508,9012
509,9030
510,9049
511,9068
512,9086
513,9105
514,9123
515,9142
516,9160
517,9179
518,9198
519,9217
520,9235
521,9255
522,9274
523,9292
524,9312
525,9331
526,9349
527,9369
528,9387
529,9404
530,9421
531,9438
532,9455
533,9472
534,9489
535,9506
536,9523
537,9540
538,9557
539,9574
540,9590
541,9607
