1,20
2,36
3,53
4,72
5,91
6,108
7,124
8,140
9,156
10,172
11,189
12,205
13,221
14,238
15,254
16,270
17,286
18,302
19,319
20,335
21,351
22,367
23,383
24,399
25,415
26,432
27,448
28,464
29,480
30,495
31,512
32,528
33,544
34,560
35,576
36,593
37,609
38,625
39,641
40,657
41,673
42,689
43,706
44,722
45,738
46,756
47,774
48,790
49,806
50,822
51,838
52,854
53,870
54,887
55,903
56,919
57,935
58,952
59,968
60,984
61,1000
62,1016
63,1032
64,1049
65,1065
66,1081
67,1097
68,1113
69,1129
70,1145
71,1161
72,1177
73,1194
74,1210
75,1226
76,1242
77,1258
78,1274
79,1290
80,1307
81,1323
82,1338
83,1355
84,1371
85,1387
86,1403
87,1419
88,1435
89,1451
90,1467
91,1483
92,1499
93,1515
94,1531
95,1547
96,1563
97,1579
98,1595
99,1615
100,1631
101,1647
102,1664
103,1680
104,1696
105,1712
106,1728
107,1744
108,1760
109,1776
110,1792
111,1808
112,1824
113,1840
114,1856
115,1872
116,1888
117,1908
118,1924
119,1940
120,1956
121,1973
122,1989
123,2005
124,2022
125,2038
126,2054
127,2070
128,2086
129,2102
130,2118
131,2134
132,2150
133,2166
134,2183
135,2199
136,2215
137,2231
138,2248
139,2264
140,2280
141,2296
142,2312
143,2328
144,2344
145,2360
146,2377
147,2393
148,2409
149,2425
150,2441
151,2457
152,2473
153,2490
154,2506
155,2522
156,2538
157,2554
158,2570
159,2586
160,2602
161,2618
162,2634
163,2652
164,2671
165,2689
166,2705
167,2721
168,2737
169,2753
170,2769
171,2785
172,2801
173,2817
174,2834
175,2854
176,2871
177,2887
178,2903
179,2919
180,2935
181,2951
182,2967
183,2986
184,3004
185,3020
186,3036
187,3053
188,3070
189,3087
190,3103
191,3119
192,3135
193,3151
194,3168
195,3184
196,3200
197,3216
198,3232
199,3248
200,3264
201,3281
202,3297
203,3313
204,3329
205,3345
206,3362
207,3378
208,3394
209,3410
210,3426
211,3442
212,3459
213,3476
214,3491
215,3507
216,3523
217,3540
218,3556
219,3572
220,3588
221,3604
222,3620
223,3637
224,3653
225,3670
226,3686
227,3702
228,3718
229,3734
230,3750
231,3766
232,3782
233,3798
234,3814
235,3831
236,3847
237,3863
238,3879
239,3896
240,3912
241,3928
242,3947
243,3965
244,3985
245,4002
246,4019
247,4035
248,4051
249,4067
250,4083
251,4099
252,4115
253,4131
254,4147
255,4163
256,4179
257,4195
258,4211
259,4228
260,4244
261,4261
262,4277
263,4294
264,4310
265,4326
266,4344
267,4360
268,4376
269,4392
270,4409
271,4425
272,4441
273,4457
274,4474
275,4490
276,4507
277,4523
278,4539
279,4555
280,4571
281,4587
282,4604
283,4620
284,4636
285,4652
286,4668
287,4685
288,4701
289,4717
290,4733
291,4750
292,4765
293,4785
294,4801
295,4817
296,4833
297,4849
298,4866
299,4882
300,4904
301,4921
302,4938
303,4954
304,4970
305,4986
306,5002
307,5018
308,5034
309,5051
310,5067
311,5083
312,5099
313,5115
314,5131
315,5147
316,5163
317,5179
318,5196
319,5212
320,5228
321,5245
322,5261
323,5277
324,5293
325,5309
326,5325
327,5342
328,5358
329,5373
330,5392
331,5408
332,5424
333,5440
334,5456
335,5472
336,5488
337,5504
338,5520
339,5536
340,5552
341,5568
342,5584
343,5600
344,5616
345,5632
346,5648
347,5664
348,5681
349,5696
350,5712
351,5729
352,5745
353,5761
354,5777
355,5793
356,5809
357,5827
358,5842
359,5858
360,5875
361,5891
362,5907
363,5923
364,5940
365,5956
366,5972
367,5988
368,6004
369,6021
370,6037
371,6053
372,6069
373,6085
374,6102
375,6118
376,6134
377,6151
378,6167
379,6186
380,6204
381,6222
382,6240
383,6257
384,6273
385,6293
386,6312
387,6328
388,6346
389,6365
390,6383
391,6400
392,6417
393,6434
394,6451
395,6468
396,6485
397,6501
398,6517
399,6533
400,6549
401,6568
402,6584
403,6600
404,6616
405,6632
406,6648
407,6664
408,6681
409,6697
410,6713
411,6729
412,6745
413,6761
414,6777
415,6793
416,6810
417,6827
418,6846
419,6865
420,6884
421,6902
422,6920
423,6938
424,6955
425,6975
426,6993
427,7010
428,7027
429,7044
430,7061
431,7081
432,7098
433,7116
434,7134
435,7153
436,7172
437,7190
438,7208
439,7226
440,7243
441,7260
442,7277
443,7298
444,7316
445,7333
446,7350
447,7366
448,7386
449,7403
450,7421
451,7438
452,7456
453,7475
454,7493
455,7510
456,7528
457,7545
458,7562
459,7579
460,7596
461,7613
462,7629
463,7645
464,7661
465,7678
466,7694
467,7710
468,7726
469,7742
470,7759
471,7775
472,7791
473,7809
474,7827
475,7846
476,7863
477,7883
478,7901
479,7918
480,7934
481,7950
482,7966
483,7983
484,8000
485,8016
486,8032
487,8049
488,8065
489,8081
490,8097
491,8114
492,8132
493,8150
494,8169
495,8187
496,8204
497,8222
498,8240
499,8259
500,8276
501,8293
502,8311
503,8327
504,8344
505,8361
506,8377
507,8395
508,8413
509,8429
510,8445
511,8461
512,8477
513,8494
514,8510
515,8527
516,8544
517,8560
518,8577
519,8593
520,8609
521,8625
522,8641
523,8658
524,8674
525,8691
526,8707
527,8724
528,8741
529,8757
530,8775
531,8793
532,8811
533,8827
534,8844
535,8859
536,8877
537,8895
538,8911
539,8927
540,8948
541,8965
542,8982
543,9002
544,9020
545,9039
546,9056
547,9075
548,9093
549,9114
550,9133
551,9149
552,9166
553,9186
554,9203
555,9220
556,9236
557,9252
558,9268
559,9284
560,9301
561,9317
562,9333
563,9350
564,9366
565,9382
566,9399
567,9415
568,9431
569,9447
570,9468
571,9484
572,9500
573,9517
574,9533
575,9549
576,9565
577,9581
578,9597
579,9616
580,9634
581,9651
582,9670
583,9688
584,9706
585,9723
586,9742
587,9760
588,9778
589,9795
590,9814
591,9831
592,9849
593,9867
594,9887
595,9908
596,9925
597,9941
598,9958
599,9974
