1,23
2,42
3,60
4,77
5,98
6,115
7,132
8,148
9,165
10,184
11,201
12,218
13,237
14,254
15,272
16,289
17,306
18,325
19,346
20,367
21,389
22,406
23,423
24,439
25,458
26,475
27,493
28,510
29,528
30,546
31,564
32,582
33,599
34,617
35,634
36,650
37,669
38,685
39,702
40,720
41,739
42,757
43,776
44,793
45,810
46,829
47,848
48,866
49,884
50,905
51,928
52,945
53,962
54,980
55,997
56,1014
57,1034
58,1057
59,1080
60,1099
61,1117
62,1138
63,1160
64,1182
65,1202
66,1221
67,1238
68,1255
69,1273
70,1291
71,1308
72,1325
