1,20
2,36
3,52
4,68
5,85
6,101
7,117
8,133
9,149
10,165
11,181
12,197
13,212
14,229
15,244
16,260
17,276
18,292
19,308
20,325
21,341
22,358
23,376
24,392
25,408
26,424
27,440
28,456
29,472
30,488
31,504
32,521
33,537
34,553
35,569
36,585
37,601
38,617
39,633
40,649
41,665
42,681
43,697
44,712
45,728
46,744
47,760
48,777
49,792
50,808
51,824
52,840
53,857
54,873
55,888
56,904
57,920
58,937
59,953
60,968
61,984
62,1000
63,1016
64,1032
65,1048
66,1064
67,1080
68,1096
69,1112
70,1128
71,1144
72,1160
73,1176
74,1192
75,1208
76,1224
77,1240
78,1256
79,1272
80,1288
81,1304
82,1320
83,1338
84,1355
85,1373
86,1390
87,1406
88,1422
89,1438
90,1454
91,1470
92,1486
93,1501
94,1518
95,1533
96,1550
97,1566
98,1582
99,1598
100,1614
101,1630
102,1646
103,1662
104,1678
105,1694
106,1710
107,1726
108,1742
109,1759
110,1775
111,1790
112,1806
113,1822
114,1838
115,1854
116,1871
117,1887
118,1904
119,1919
120,1935
121,1951
122,1967
123,1983
124,1999
125,2015
126,2031
127,2047
128,2063
129,2078
130,2094
131,2111
132,2127
133,2143
134,2159
135,2176
136,2192
137,2209
138,2224
139,2240
140,2256
141,2272
142,2288
143,2304
144,2320
145,2336
146,2352
147,2368
148,2384
149,2401
150,2418
151,2434
152,2450
153,2466
154,2481
155,2497
156,2514
157,2530
158,2545
159,2561
160,2577
161,2593
162,2609
163,2625
164,2642
165,2658
166,2674
167,2690
168,2706
169,2722
170,2738
171,2754
172,2770
173,2786
174,2802
175,2818
176,2834
177,2850
178,2866
179,2881
180,2898
181,2913
182,2929
183,2946
184,2961
185,2977
186,2993
187,3009
188,3025
189,3041
190,3057
191,3073
192,3089
193,3106
194,3122
195,3138
196,3153
197,3169
198,3185
199,3201
200,3218
201,3233
202,3249
203,3266
204,3284
205,3301
206,3318
207,3334
208,3350
209,3366
210,3382
211,3398
212,3414
213,3430
214,3446
215,3462
216,3478
217,3494
218,3510
219,3526
220,3542
221,3558
222,3574
223,3590
224,3605
225,3621
226,3637
227,3653
228,3669
229,3685
230,3701
231,3717
232,3733
233,3749
234,3766
235,3782
236,3798
237,3813
238,3830
239,3846
240,3862
241,3878
242,3894
243,3910
244,3926
245,3942
246,3958
247,3974
248,3990
249,4006
250,4021
251,4037
252,4054
253,4069
254,4085
255,4102
256,4117
257,4133
258,4149
259,4165
260,4181
261,4197
262,4213
263,4229
264,4247
265,4265
266,4281
267,4297
268,4313
269,4330
270,4346
271,4361
272,4377
273,4394
274,4410
275,4425
276,4442
277,4457
278,4473
279,4490
280,4506
281,4524
282,4542
283,4558
284,4574
285,4590
286,4606
287,4622
288,4638
289,4654
290,4670
291,4686
292,4702
293,4718
294,4734
295,4750
296,4766
297,4782
298,4798
299,4814
300,4830
301,4846
302,4862
303,4878
304,4894
305,4910
306,4926
307,4942
308,4958
309,4974
310,4990
311,5006
312,5022
313,5038
314,5054
315,5069
316,5085
317,5101
318,5117
319,5133
320,5149
321,5165
322,5181
323,5198
324,5215
325,5233
326,5250
327,5266
328,5282
329,5298
330,5314
331,5330
332,5346
333,5362
334,5378
335,5394
336,5410
337,5426
338,5442
339,5458
340,5473
341,5490
342,5505
343,5522
344,5538
345,5554
346,5570
347,5586
348,5602
349,5619
350,5634
351,5650
352,5666
353,5682
354,5698
355,5714
356,5730
357,5746
358,5762
359,5778
360,5794
361,5814
362,5830
363,5846
364,5861
365,5877
366,5893
367,5909
368,5925
369,5941
370,5957
371,5973
372,5989
373,6006
374,6023
375,6039
376,6055
377,6071
378,6087
379,6103
380,6119
381,6135
382,6151
383,6167
384,6183
385,6200
386,6216
387,6232
388,6248
389,6264
390,6280
391,6296
392,6312
393,6328
394,6344
395,6359
396,6375
397,6391
398,6407
399,6423
400,6439
401,6455
402,6471
403,6487
404,6503
405,6519
406,6535
407,6551
408,6567
409,6583
410,6599
411,6615
412,6631
413,6647
414,6663
415,6679
416,6695
417,6711
418,6727
419,6743
420,6759
421,6775
422,6791
423,6807
424,6823
425,6839
426,6854
427,6870
428,6887
429,6903
430,6919
431,6935
432,6952
433,6968
434,6984
435,6999
436,7015
437,7032
438,7048
439,7064
440,7080
441,7096
442,7112
443,7128
444,7146
445,7163
446,7179
447,7195
448,7210
449,7226
450,7242
451,7258
452,7274
453,7290
454,7306
455,7322
456,7338
457,7354
458,7370
459,7386
460,7402
461,7418
462,7434
463,7450
464,7467
465,7483
466,7499
467,7515
468,7531
469,7547
470,7563
471,7579
472,7596
473,7612
474,7628
475,7644
476,7660
477,7676
478,7692
479,7708
480,7724
481,7740
482,7756
483,7772
484,7788
485,7804
486,7820
487,7836
488,7852
489,7869
490,7885
491,7901
492,7917
493,7933
494,7949
495,7965
496,7981
497,7997
498,8013
499,8029
500,8045
501,8061
502,8077
503,8093
504,8111
505,8128
506,8145
507,8161
508,8180
509,8196
510,8212
511,8228
512,8244
513,8260
514,8276
515,8292
516,8308
517,8324
518,8340
519,8356
520,8371
521,8388
522,8404
523,8419
524,8435
525,8451
526,8467
527,8484
528,8500
529,8516
530,8532
531,8548
532,8564
533,8580
534,8597
535,8612
536,8628
537,8644
538,8660
539,8676
540,8692
541,8708
542,8723
543,8740
544,8756
545,8772
546,8788
547,8804
548,8820
549,8835
550,8851
551,8867
552,8883
553,8899
554,8915
555,8930
556,8946
557,8963
558,8978
559,8994
560,9010
561,9026
562,9042
563,9059
564,9075
565,9091
566,9108
567,9123
568,9139
569,9155
570,9171
571,9187
572,9204
573,9219
574,9235
575,9251
576,9267
577,9283
578,9299
579,9315
580,9331
581,9347
582,9364
583,9379
584,9396
585,9411
586,9428
587,9443
588,9459
589,9475
590,9491
591,9507
592,9523
593,9538
594,9554
595,9570
596,9586
597,9602
598,9618
599,9635
