1,27
2,45
3,63
4,80
5,97
6,113
7,130
8,149
9,167
10,183
11,200
12,217
13,233
14,249
15,266
16,282
17,299
18,317
19,334
20,352
21,372
22,393
23,411
24,430
25,451
26,467
27,484
28,501
29,518
30,537
31,556
32,575
33,595
34,614
35,635
36,652
37,668
38,685
39,702
40,724
41,749
42,770
43,789
44,806
45,825
46,843
47,863
48,883
49,902
50,932
51,974
52,1007
53,1040
54,1090
55,1132
56,1167
57,1197
58,1220
59,1239
60,1264
61,1283
62,1301
63,1322
64,1345
65,1363
66,1384
67,1404
68,1421
69,1440
70,1457
71,1474
72,1491
73,1511
74,1542
75,1561
76,1583
77,1610
78,1626
79,1643
80,1660
81,1679
82,1699
83,1717
84,1737
85,1755
86,1775
87,1795
88,1817
89,1840
90,1863
91,1894
92,1914
93,1934
94,1955
95,1978
96,1997
97,2016
98,2034
99,2053
100,2074
101,2098
102,2116
103,2133
104,2154
105,2176
106,2193
107,2212
108,2232
109,2250
110,2268
111,2285
112,2307
113,2326
114,2346
115,2363
116,2382
117,2398
118,2416
119,2435
120,2451
121,2470
122,2490
123,2509
124,2527
125,2545
126,2565
127,2588
128,2608
129,2626
130,2645
131,2670
132,2691
133,2710
134,2731
135,2750
136,2769
137,2789
138,2810
139,2830
140,2853
141,2876
142,2897
143,2928
144,2953
145,2974
146,2991
147,3008
148,3029
149,3047
150,3068
151,3085
152,3101
153,3120
154,3140
155,3163
156,3183
157,3211
158,3234
159,3273
160,3296
161,3317
162,3334
163,3355
164,3373
165,3392
166,3410
167,3431
168,3451
169,3472
170,3491
171,3510
172,3533
173,3558
174,3581
175,3607
176,3636
177,3660
178,3680
179,3696
180,3713
181,3737
182,3759
183,3779
184,3798
185,3818
186,3839
187,3858
188,3880
189,3903
190,3927
191,3949
192,3970
193,4001
194,4022
195,4042
196,4061
197,4080
198,4099
199,4122
200,4141
201,4162
202,4190
203,4214
204,4245
205,4267
206,4290
207,4309
208,4328
209,4347
210,4369
211,4390
212,4408
213,4424
214,4443
215,4464
216,4482
217,4499
218,4522
219,4547
220,4568
221,4588
222,4607
223,4626
224,4655
225,4682
226,4705
227,4728
228,4746
229,4767
230,4788
231,4811
232,4831
233,4851
234,4868
235,4886
236,4904
237,4921
238,4941
239,4961
240,4980
241,4997
242,5013
243,5032
244,5051
245,5069
246,5088
247,5105
248,5122
249,5140
250,5157
