1,20
2,38
3,56
4,72
5,88
6,105
7,122
8,140
9,156
10,173
11,189
12,205
13,222
14,239
15,259
16,281
17,302
18,323
19,341
20,359
21,376
22,393
23,409
24,428
25,448
26,467
27,486
28,504
29,521
30,538
31,554
32,571
33,587
34,603
35,620
36,636
37,652
38,669
39,685
40,703
41,722
42,739
43,756
44,772
45,789
46,805
47,821
48,838
49,854
50,871
51,887
52,904
53,920
54,936
55,953
56,969
57,985
58,1001
59,1018
60,1034
61,1051
62,1067
63,1083
64,1100
65,1116
66,1132
67,1148
68,1164
69,1181
70,1198
71,1214
72,1230
73,1246
74,1263
75,1279
76,1296
77,1312
78,1328
79,1345
80,1361
81,1377
82,1394
83,1410
84,1429
85,1446
86,1463
87,1479
88,1496
89,1512
90,1531
91,1548
92,1565
93,1581
94,1597
95,1613
96,1630
97,1646
98,1662
99,1678
100,1694
101,1711
102,1727
103,1744
104,1760
105,1777
106,1793
107,1810
108,1826
109,1846
110,1863
111,1879
112,1895
113,1911
114,1928
115,1944
116,1960
117,1976
118,1993
119,2009
120,2025
121,2042
122,2058
123,2074
124,2094
125,2111
126,2127
127,2147
128,2164
129,2181
130,2197
131,2213
132,2230
133,2247
134,2266
135,2285
136,2301
137,2318
138,2336
139,2354
140,2371
141,2387
142,2404
143,2420
144,2437
145,2453
146,2474
147,2492
148,2508
149,2526
150,2543
151,2559
152,2575
153,2592
154,2608
155,2628
156,2644
157,2660
158,2677
159,2693
160,2711
161,2728
162,2744
163,2760
164,2776
165,2793
166,2809
167,2826
168,2843
169,2859
170,2876
171,2892
172,2908
173,2925
174,2941
175,2957
176,2974
177,2991
178,3007
179,3023
180,3039
181,3057
182,3076
183,3094
