1,20
2,37
3,54
4,73
5,90
6,107
7,124
8,141
9,160
10,179
11,197
12,215
13,234
14,251
15,270
16,290
17,309
18,328
19,346
20,364
21,384
22,401
23,418
24,435
25,454
26,471
27,489
28,506
29,526
30,543
31,561
32,578
33,595
34,613
35,630
36,647
37,664
38,681
39,700
40,720
41,741
42,759
43,776
44,798
45,819
46,841
47,859
48,877
49,894
50,911
51,930
52,947
53,964
54,981
55,998
56,1014
57,1031
58,1048
59,1064
60,1080
61,1097
62,1113
63,1129
64,1146
65,1162
66,1182
67,1199
68,1215
69,1232
70,1248
71,1265
72,1281
73,1304
74,1322
75,1342
76,1359
77,1377
78,1396
79,1415
80,1433
81,1452
82,1469
83,1485
84,1503
85,1519
86,1535
87,1552
88,1568
89,1584
90,1600
91,1619
92,1637
93,1654
94,1670
95,1687
96,1705
97,1724
98,1747
99,1771
100,1793
101,1814
102,1832
103,1854
104,1876
105,1894
106,1913
107,1932
108,1950
109,1966
110,1985
111,2002
112,2019
113,2036
114,2054
115,2072
116,2089
117,2106
118,2125
119,2142
120,2159
121,2176
122,2199
123,2219
124,2237
125,2258
126,2276
127,2294
128,2313
129,2330
130,2346
131,2363
132,2384
133,2404
134,2423
135,2443
136,2460
137,2478
138,2497
139,2514
140,2534
141,2552
142,2569
143,2587
144,2603
145,2621
146,2637
147,2656
148,2677
149,2698
150,2715
