1,20
2,38
3,57
4,74
5,92
6,109
7,127
8,145
9,163
10,180
11,201
12,222
13,239
14,257
15,274
16,293
17,310
18,326
19,343
20,360
21,382
22,399
23,416
24,432
25,449
26,467
27,486
28,503
29,521
30,538
31,556
32,573
33,591
34,608
35,626
36,643
37,660
38,677
39,695
40,713
41,731
42,748
43,767
44,785
45,802
46,819
47,837
48,854
49,873
50,891
51,911
52,930
53,949
54,966
55,983
56,1001
57,1018
58,1036
59,1053
60,1071
61,1088
62,1107
63,1125
64,1144
65,1162
66,1182
67,1200
68,1219
69,1240
70,1267
71,1291
72,1310
73,1327
74,1345
75,1362
76,1379
77,1396
78,1413
79,1430
80,1448
81,1465
82,1483
83,1501
84,1519
85,1539
86,1556
87,1574
88,1591
89,1608
90,1625
91,1642
92,1659
93,1676
94,1693
95,1711
96,1728
97,1746
98,1763
99,1779
100,1796
101,1814
102,1834
103,1851
104,1870
105,1891
106,1911
107,1927
108,1944
109,1961
110,1979
111,1996
112,2012
113,2031
114,2049
115,2066
116,2083
117,2099
118,2115
119,2132
120,2148
121,2166
122,2183
123,2200
124,2216
125,2233
126,2249
127,2267
128,2284
129,2304
130,2321
131,2338
132,2357
133,2374
134,2392
135,2409
136,2426
137,2443
138,2459
139,2476
140,2495
141,2513
142,2529
143,2546
144,2563
145,2580
146,2596
147,2613
148,2633
149,2652
150,2668
151,2685
152,2701
153,2717
154,2737
155,2753
156,2769
157,2786
158,2805
159,2826
160,2846
161,2866
162,2886
163,2906
164,2925
165,2944
166,2963
167,2982
168,3000
169,3017
170,3037
171,3053
172,3070
173,3086
174,3106
175,3122
176,3139
177,3155
178,3172
179,3188
180,3205
181,3222
182,3238
183,3256
184,3274
185,3291
186,3310
187,3327
188,3345
189,3362
190,3380
191,3397
192,3416
193,3433
194,3451
195,3468
196,3486
197,3504
198,3523
199,3541
200,3560
201,3578
202,3596
203,3613
204,3630
205,3650
206,3669
207,3687
208,3705
209,3725
210,3743
211,3761
212,3777
213,3795
214,3814
215,3834
216,3851
217,3868
218,3885
219,3905
220,3924
221,3943
222,3964
223,3983
224,4002
225,4021
226,4041
227,4059
228,4079
229,4098
230,4115
231,4132
232,4149
233,4169
234,4188
235,4205
236,4222
237,4242
238,4259
239,4277
240,4294
241,4312
242,4330
243,4350
244,4370
245,4388
246,4405
247,4423
248,4441
249,4459
250,4477
251,4495
252,4512
253,4528
254,4545
255,4562
256,4580
257,4601
258,4618
259,4637
260,4655
261,4672
262,4690
263,4707
264,4725
265,4745
266,4765
267,4785
268,4806
269,4823
270,4840
271,4857
272,4874
273,4892
274,4913
275,4936
276,4958
277,4981
278,5007
279,5027
280,5047
281,5066
282,5084
283,5105
284,5129
285,5151
286,5169
287,5187
288,5205
289,5225
290,5242
291,5264
292,5285
293,5305
294,5325
295,5342
296,5363
297,5383
298,5402
299,5419
300,5437
301,5454
302,5471
303,5488
304,5507
305,5524
306,5541
307,5560
308,5577
309,5594
310,5612
311,5629
312,5647
313,5666
314,5684
315,5702
316,5720
317,5737
318,5753
319,5770
320,5786
321,5803
322,5821
323,5839
324,5858
325,5879
326,5898
327,5920
328,5941
329,5964
330,5987
331,6007
332,6026
333,6044
334,6062
335,6079
336,6095
337,6112
338,6129
339,6148
340,6166
341,6186
342,6208
343,6225
344,6242
345,6258
346,6275
347,6292
348,6308
349,6326
350,6344
351,6362
352,6379
353,6395
354,6412
355,6429
356,6445
357,6462
358,6479
359,6498
360,6517
361,6535
362,6554
363,6572
364,6594
365,6611
366,6627
367,6647
368,6666
