1,20
2,36
3,52
4,69
5,84
6,101
7,117
8,134
9,150
10,167
11,182
12,200
13,220
14,239
15,260
16,280
17,298
18,316
19,332
20,348
21,364
22,380
23,397
24,413
25,429
26,445
27,461
28,477
29,494
30,512
31,529
32,546
33,562
34,579
35,595
36,611
37,627
38,643
39,659
40,675
41,691
42,708
43,724
44,740
45,756
46,772
47,788
48,804
49,821
50,837
51,853
52,869
53,885
54,902
55,918
56,934
57,950
58,966
59,982
60,998
61,1014
62,1030
63,1046
64,1063
65,1079
66,1095
67,1111
68,1127
69,1143
70,1159
71,1177
72,1197
73,1216
74,1236
75,1256
76,1272
77,1288
78,1305
79,1321
80,1337
81,1353
82,1370
83,1386
84,1403
85,1419
86,1436
87,1452
88,1468
89,1484
90,1500
91,1516
92,1533
93,1549
94,1565
95,1581
96,1597
97,1613
98,1629
99,1645
100,1661
101,1677
102,1693
103,1709
104,1725
105,1741
106,1757
107,1775
108,1791
109,1807
110,1823
111,1839
112,1855
113,1871
114,1887
115,1903
116,1919
117,1935
118,1952
119,1968
120,1984
121,2000
122,2016
123,2033
124,2049
125,2066
126,2082
127,2098
128,2114
129,2132
130,2150
131,2167
132,2184
133,2200
134,2216
135,2232
136,2248
137,2264
138,2280
139,2296
140,2312
141,2328
142,2345
143,2361
144,2378
145,2395
146,2411
147,2427
148,2443
149,2460
150,2475
151,2492
152,2511
153,2530
154,2550
155,2571
156,2590
157,2608
158,2628
159,2644
160,2660
161,2677
162,2693
163,2709
164,2725
165,2741
166,2757
167,2774
168,2791
169,2810
170,2827
171,2843
172,2859
173,2875
174,2891
175,2907
176,2923
177,2939
178,2955
179,2972
180,2988
181,3004
182,3020
183,3035
184,3053
185,3069
186,3086
187,3102
188,3118
189,3134
190,3150
191,3166
192,3182
193,3199
194,3215
195,3232
196,3249
197,3265
