1,20
2,39
3,57
4,73
5,92
6,110
7,128
8,146
9,166
10,183
11,200
12,216
13,233
14,249
15,269
16,285
17,301
18,318
19,334
20,352
21,369
22,385
23,402
24,418
25,435
26,454
27,475
28,496
29,515
30,535
31,557
32,577
33,597
34,614
35,630
36,647
37,664
38,680
39,696
40,713
41,729
42,745
43,761
44,778
45,794
46,810
47,826
48,843
49,860
50,877
51,894
52,910
53,927
54,943
55,959
56,975
57,992
58,1008
59,1024
60,1041
61,1057
62,1074
63,1090
64,1107
65,1124
66,1140
67,1156
68,1173
69,1189
70,1206
71,1222
72,1238
73,1255
74,1271
75,1287
76,1303
77,1319
78,1335
79,1351
80,1367
81,1384
82,1401
83,1421
84,1438
85,1454
86,1471
87,1487
88,1503
89,1520
90,1538
91,1555
92,1571
93,1587
94,1603
95,1620
96,1636
97,1652
98,1669
99,1687
100,1703
101,1719
102,1735
103,1752
104,1768
105,1784
106,1801
107,1818
108,1834
109,1851
110,1870
111,1887
112,1903
113,1919
114,1936
115,1952
116,1968
117,1985
118,2001
119,2017
120,2034
121,2050
122,2067
123,2084
124,2101
125,2117
126,2133
127,2149
128,2166
129,2182
130,2198
131,2217
132,2234
133,2250
134,2267
135,2283
136,2300
137,2319
138,2337
139,2355
140,2372
141,2388
142,2404
143,2421
144,2437
145,2453
146,2470
147,2487
148,2507
149,2524
150,2540
151,2557
152,2573
153,2589
154,2605
155,2621
156,2638
157,2655
158,2671
159,2687
160,2704
161,2721
162,2738
163,2754
164,2770
165,2786
166,2802
167,2818
168,2835
169,2852
170,2868
171,2884
172,2903
173,2920
174,2936
175,2952
176,2968
177,2984
178,3000
179,3017
180,3036
181,3054
182,3073
183,3091
184,3108
185,3124
186,3140
187,3157
188,3173
189,3190
190,3206
191,3222
192,3238
193,3255
194,3271
195,3287
196,3305
197,3323
198,3340
199,3356
200,3373
201,3389
202,3408
203,3426
204,3444
205,3460
206,3477
207,3493
208,3509
209,3526
210,3542
211,3558
212,3574
213,3596
214,3613
215,3629
216,3646
217,3662
218,3678
219,3695
220,3712
221,3728
222,3744
223,3761
224,3777
225,3793
226,3812
227,3830
228,3847
229,3863
230,3879
231,3895
232,3911
233,3927
234,3944
235,3960
236,3977
237,3996
238,4017
239,4038
240,4058
241,4075
242,4093
243,4110
244,4126
245,4142
246,4159
247,4175
248,4192
249,4208
250,4224
251,4240
252,4256
253,4272
254,4293
255,4309
256,4326
257,4342
258,4359
259,4378
260,4394
261,4410
262,4427
263,4443
264,4459
265,4476
266,4492
267,4508
268,4524
269,4541
270,4557
271,4573
272,4589
273,4606
274,4622
275,4638
276,4654
277,4671
278,4687
279,4703
280,4719
281,4736
282,4752
283,4768
284,4785
285,4801
286,4817
287,4833
288,4849
289,4866
290,4882
291,4899
292,4916
293,4933
294,4949
295,4967
296,4986
297,5005
298,5023
299,5040
300,5057
301,5076
302,5095
303,5114
304,5133
305,5151
306,5168
307,5184
308,5201
309,5217
310,5233
311,5251
312,5270
313,5290
314,5311
315,5328
316,5344
317,5361
318,5378
319,5394
320,5410
321,5426
322,5443
323,5459
324,5475
325,5492
326,5508
327,5525
328,5541
329,5557
330,5573
331,5589
332,5606
333,5622
334,5638
335,5654
336,5671
337,5687
338,5703
339,5720
340,5736
341,5752
342,5768
343,5785
344,5801
345,5817
346,5836
347,5853
348,5869
349,5886
350,5902
351,5918
352,5936
353,5952
354,5968
355,5985
356,6002
357,6018
358,6035
359,6051
360,6069
361,6087
362,6104
363,6123
364,6139
365,6156
366,6172
367,6189
368,6205
369,6223
370,6245
371,6264
372,6283
373,6299
374,6315
375,6332
376,6348
377,6367
378,6384
379,6401
380,6419
381,6436
382,6453
383,6470
384,6487
385,6503
386,6519
387,6536
388,6552
389,6568
390,6585
391,6601
392,6617
393,6633
394,6649
395,6668
396,6684
397,6702
398,6718
399,6734
400,6750
401,6767
402,6783
403,6799
404,6816
405,6832
406,6848
407,6864
408,6880
409,6897
410,6913
411,6929
412,6946
413,6962
414,6978
415,6995
416,7011
417,7027
418,7043
419,7060
420,7076
421,7092
422,7111
423,7130
424,7149
425,7168
426,7187
427,7207
428,7224
429,7241
430,7257
431,7275
432,7296
433,7313
434,7329
435,7345
436,7362
437,7378
438,7394
439,7411
440,7429
441,7445
442,7462
443,7478
444,7494
445,7511
446,7527
447,7544
448,7560
449,7576
450,7593
451,7609
452,7625
453,7642
454,7658
455,7675
456,7691
457,7708
458,7726
459,7742
460,7759
461,7775
462,7792
463,7808
464,7824
465,7840
466,7859
467,7889
468,7907
469,7923
470,7940
471,7956
472,7973
473,7989
474,8005
475,8022
476,8038
477,8054
478,8071
479,8087
480,8103
481,8121
482,8138
483,8154
484,8170
485,8187
486,8203
487,8219
488,8235
489,8251
490,8268
491,8284
492,8301
493,8317
494,8333
495,8350
496,8367
497,8383
498,8400
499,8416
500,8433
501,8449
502,8466
503,8482
504,8498
505,8515
506,8531
507,8547
508,8564
509,8580
510,8597
511,8613
512,8630
513,8646
514,8663
515,8680
516,8696
517,8715
518,8734
519,8751
520,8767
521,8784
522,8805
523,8824
524,8846
525,8867
526,8887
527,8904
528,8920
529,8936
530,8952
531,8968
532,8984
533,9001
534,9017
535,9033
536,9049
537,9065
538,9085
539,9103
540,9120
541,9136
542,9152
543,9168
544,9185
545,9201
546,9217
