1,23
2,40
3,56
4,72
5,89
6,105
7,121
8,138
9,154
10,170
11,186
12,203
13,219
14,235
15,253
16,269
17,285
18,302
19,318
20,334
21,350
22,367
23,383
24,399
25,415
26,432
27,449
28,465
29,482
30,498
31,515
32,531
33,548
34,564
35,580
36,599
37,615
38,631
39,648
40,664
41,680
42,697
43,714
44,731
45,748
46,765
47,781
48,797
49,815
50,833
51,850
52,867
53,883
54,899
55,915
56,932
57,948
58,965
59,981
60,997
61,1015
62,1032
63,1048
64,1065
65,1081
66,1098
67,1114
68,1130
69,1146
70,1163
71,1179
72,1195
73,1212
74,1229
75,1245
76,1262
77,1278
78,1294
79,1311
80,1327
81,1343
82,1359
83,1376
84,1392
85,1408
86,1424
87,1440
88,1456
89,1473
90,1491
91,1508
92,1525
93,1541
94,1557
95,1574
96,1590
97,1606
98,1622
99,1638
100,1654
101,1670
102,1687
103,1703
104,1719
105,1735
106,1751
107,1769
108,1787
109,1808
110,1827
111,1843
112,1860
113,1876
114,1892
115,1908
116,1924
117,1940
118,1958
119,1976
120,1993
121,2010
122,2029
123,2045
124,2062
125,2079
126,2097
127,2113
128,2133
129,2149
130,2165
131,2182
132,2198
133,2214
134,2230
135,2246
136,2262
137,2279
138,2295
139,2312
140,2328
141,2344
142,2361
143,2377
144,2393
145,2409
146,2428
147,2449
148,2468
149,2484
150,2501
151,2517
152,2533
153,2550
154,2566
155,2582
156,2599
157,2615
158,2632
159,2648
160,2664
161,2680
162,2696
163,2712
164,2728
165,2745
166,2761
167,2777
168,2793
169,2809
170,2825
171,2841
172,2858
173,2874
174,2890
175,2907
176,2923
177,2941
178,2958
179,2974
180,2990
181,3007
182,3023
183,3039
184,3056
185,3072
186,3089
187,3105
188,3122
189,3138
190,3154
191,3170
192,3187
193,3203
194,3219
195,3235
196,3252
197,3268
198,3284
199,3300
200,3316
