1,20
2,36
3,52
4,69
5,85
6,101
7,117
8,135
9,151
10,167
11,183
12,199
13,215
14,232
15,248
16,264
17,281
18,298
19,314
20,331
21,350
22,366
23,382
24,398
25,415
26,431
27,447
28,463
29,481
30,498
31,515
32,531
33,549
34,566
35,582
36,599
37,615
38,631
39,647
40,664
41,680
42,697
43,714
44,730
45,746
46,762
47,779
48,795
49,811
50,828
51,844
52,860
53,876
54,894
55,912
56,929
57,945
58,961
59,977
60,994
61,1010
62,1026
63,1042
64,1059
65,1075
66,1091
67,1107
68,1123
69,1139
70,1156
71,1173
72,1190
73,1208
74,1225
75,1241
76,1257
77,1274
78,1290
79,1306
80,1322
81,1339
82,1356
83,1373
84,1390
85,1407
86,1423
87,1440
88,1459
89,1476
