1,20
2,37
3,53
4,70
5,86
6,102
7,119
8,135
9,151
10,168
11,187
12,203
13,219
14,236
15,252
16,269
17,286
18,302
19,320
20,339
21,357
22,373
23,390
24,406
25,423
26,439
27,456
28,473
29,489
30,506
31,522
32,539
33,555
34,572
35,592
36,610
37,627
38,644
39,660
40,677
41,693
42,713
43,729
44,746
45,762
46,779
47,797
48,814
49,833
50,850
51,866
52,882
53,899
54,915
55,932
56,949
57,967
58,985
59,1001
60,1018
61,1034
62,1050
63,1067
64,1083
65,1103
66,1119
67,1136
68,1152
69,1169
70,1187
71,1205
72,1224
73,1241
74,1257
