1,20
2,38
3,55
4,72
5,88
6,105
7,122
8,139
9,158
10,175
11,191
12,208
13,227
14,245
15,265
16,283
17,300
18,316
19,333
20,350
21,366
22,383
23,401
24,417
25,435
26,454
27,473
28,493
29,515
30,536
31,558
32,579
33,596
34,616
35,636
36,653
37,671
38,690
39,708
40,726
41,746
42,767
43,787
44,804
45,822
46,841
47,859
48,876
49,893
50,909
51,926
52,943
53,964
54,982
55,999
56,1017
57,1038
58,1057
59,1074
60,1093
61,1110
62,1129
63,1147
64,1164
65,1183
66,1200
67,1216
68,1233
69,1249
70,1266
71,1282
72,1299
73,1316
74,1332
75,1353
76,1376
77,1394
78,1410
79,1429
80,1448
81,1467
82,1483
83,1500
84,1517
85,1535
86,1552
87,1569
88,1590
89,1608
90,1625
91,1641
92,1659
93,1676
94,1693
95,1709
96,1725
97,1742
98,1758
99,1774
