1,20
2,36
3,52
4,69
5,85
6,101
7,118
8,134
9,154
10,172
11,191
12,210
13,227
14,243
15,260
16,276
17,294
18,311
19,327
20,343
21,360
22,376
23,393
24,410
25,426
26,443
27,459
28,476
29,493
30,510
31,527
32,543
33,560
34,577
35,595
36,612
37,629
38,647
39,664
40,682
41,700
42,717
43,734
44,751
45,768
46,786
47,803
48,822
49,839
50,857
51,873
52,891
53,908
54,927
55,947
56,963
57,980
58,1000
59,1017
60,1034
61,1051
62,1069
63,1086
64,1103
65,1119
66,1137
67,1154
68,1173
69,1191
70,1208
71,1229
72,1246
73,1263
74,1281
75,1303
76,1322
77,1342
78,1358
79,1375
80,1391
81,1408
82,1424
83,1441
84,1457
85,1475
86,1492
87,1509
88,1527
89,1546
90,1566
91,1585
92,1605
93,1627
94,1646
95,1663
96,1679
97,1696
98,1715
99,1733
100,1752
101,1770
102,1790
103,1811
104,1828
105,1852
106,1869
107,1886
108,1903
109,1921
110,1938
111,1958
112,1979
113,1996
114,2014
115,2033
116,2050
117,2069
118,2086
119,2104
120,2122
121,2138
122,2154
123,2171
124,2193
125,2210
126,2226
127,2243
128,2260
129,2276
130,2294
131,2311
132,2327
133,2344
134,2360
135,2377
136,2394
137,2412
138,2429
139,2445
140,2462
141,2478
142,2494
143,2511
144,2532
145,2550
146,2568
147,2587
148,2605
149,2622
150,2639
151,2661
152,2682
153,2703
154,2723
155,2743
156,2761
157,2778
158,2795
159,2813
160,2829
161,2846
162,2862
163,2879
164,2897
165,2914
166,2931
167,2947
168,2968
169,2991
170,3007
171,3024
172,3041
173,3057
174,3073
175,3090
176,3107
177,3123
178,3139
179,3159
180,3177
181,3194
182,3211
183,3228
184,3245
185,3262
186,3278
187,3296
188,3313
189,3330
190,3349
191,3367
192,3387
193,3404
194,3421
195,3439
196,3457
197,3475
198,3494
199,3512
200,3531
201,3550
202,3572
203,3596
204,3614
205,3633
206,3655
207,3675
208,3693
209,3710
210,3726
211,3743
212,3766
213,3796
214,3822
215,3847
216,3872
217,3891
218,3909
219,3928
220,3948
221,3968
222,3989
223,4007
224,4024
225,4044
226,4061
227,4078
228,4096
229,4116
230,4134
231,4155
232,4176
233,4193
234,4209
235,4225
236,4242
237,4258
238,4275
239,4292
240,4308
241,4324
242,4341
243,4357
244,4374
245,4390
246,4409
247,4427
248,4445
249,4463
250,4481
251,4499
252,4517
253,4536
254,4554
255,4576
256,4596
257,4613
258,4631
259,4650
260,4668
261,4686
262,4704
263,4723
264,4739
265,4756
266,4775
267,4797
268,4819
269,4836
270,4853
271,4869
272,4886
273,4902
274,4918
275,4934
276,4951
277,4969
278,4986
279,5004
280,5021
281,5038
282,5057
283,5074
284,5090
285,5107
286,5124
287,5143
288,5159
289,5176
290,5192
291,5209
292,5226
293,5242
294,5259
295,5275
296,5291
297,5309
298,5327
299,5345
300,5362
301,5379
302,5396
303,5413
304,5430
305,5448
306,5466
307,5485
308,5504
309,5522
310,5543
311,5560
312,5578
313,5597
314,5617
315,5634
316,5652
317,5671
318,5689
319,5709
320,5733
321,5754
322,5773
323,5792
324,5811
325,5829
326,5846
327,5864
328,5885
329,5903
330,5920
331,5940
332,5961
333,5980
334,5998
335,6021
336,6039
337,6058
338,6075
339,6092
340,6108
341,6128
342,6145
343,6162
344,6179
345,6196
346,6216
347,6235
348,6252
349,6269
350,6288
351,6309
352,6329
353,6345
354,6366
355,6384
356,6402
357,6421
358,6439
359,6460
360,6477
361,6494
362,6515
363,6532
364,6550
365,6570
366,6589
367,6610
368,6629
369,6646
370,6663
371,6684
372,6702
373,6718
374,6735
375,6751
376,6768
377,6785
378,6802
379,6818
380,6835
381,6853
382,6870
383,6886
384,6903
385,6919
386,6936
387,6952
388,6969
389,6987
390,7004
391,7021
392,7037
393,7054
394,7071
395,7088
396,7105
397,7122
398,7140
399,7159
400,7177
401,7197
402,7215
403,7232
404,7252
405,7272
406,7289
407,7306
408,7324
409,7343
410,7362
411,7381
412,7398
413,7416
414,7434
415,7451
416,7471
417,7491
418,7513
419,7532
420,7550
421,7567
422,7584
423,7601
424,7617
425,7634
426,7651
427,7671
428,7689
429,7705
430,7725
431,7743
432,7759
433,7776
434,7792
435,7809
436,7826
437,7842
438,7858
439,7875
440,7891
441,7908
442,7925
443,7942
444,7961
445,7981
446,8000
447,8018
448,8038
449,8056
450,8073
451,8090
452,8109
453,8127
454,8146
455,8164
456,8181
457,8197
458,8218
459,8237
460,8256
461,8275
462,8294
463,8314
464,8334
465,8352
466,8371
467,8392
468,8414
469,8432
470,8451
471,8471
472,8488
473,8504
474,8521
475,8538
476,8555
477,8574
478,8592
479,8609
480,8626
481,8644
482,8663
483,8680
484,8697
485,8718
486,8736
487,8755
488,8774
489,8792
490,8809
491,8827
492,8845
493,8861
494,8879
495,8895
496,8912
497,8931
498,8948
