1,20
2,36
3,53
4,69
5,85
6,101
7,118
8,133
9,149
10,166
11,182
12,200
13,218
14,235
15,252
16,268
17,285
18,301
19,317
20,333
21,349
22,365
23,381
24,400
25,416
26,432
27,452
28,470
29,486
30,503
31,519
32,537
33,557
34,576
35,592
36,608
37,625
38,642
39,658
40,674
41,691
42,707
43,723
44,739
45,756
46,772
47,788
48,804
49,820
50,836
51,852
52,868
53,884
54,901
55,917
56,933
57,949
58,965
59,981
60,997
61,1013
62,1030
63,1046
64,1062
65,1078
66,1094
67,1110
68,1126
69,1143
70,1161
71,1180
72,1200
73,1219
74,1236
75,1252
76,1268
77,1284
78,1300
79,1316
80,1332
81,1351
82,1367
83,1383
84,1399
85,1415
86,1431
87,1449
88,1467
89,1483
90,1499
91,1516
92,1531
93,1548
94,1564
95,1580
96,1596
97,1613
98,1629
99,1646
100,1662
101,1678
102,1694
103,1710
104,1726
105,1742
106,1758
107,1775
108,1791
109,1807
110,1823
111,1839
112,1855
113,1872
114,1889
115,1907
116,1923
117,1940
118,1956
119,1973
120,1990
121,2006
122,2022
123,2039
124,2055
125,2071
126,2087
127,2103
128,2120
129,2139
130,2158
131,2178
132,2199
133,2218
134,2235
135,2253
136,2271
137,2288
138,2305
139,2321
140,2339
141,2356
142,2373
143,2389
144,2406
145,2424
146,2442
147,2458
148,2474
149,2490
150,2506
151,2522
152,2538
153,2555
154,2571
155,2588
156,2604
157,2621
158,2637
159,2653
160,2669
161,2686
162,2702
163,2718
164,2734
165,2750
166,2766
167,2782
168,2798
169,2815
170,2831
171,2847
172,2863
173,2880
174,2896
175,2912
176,2928
177,2944
178,2960
179,2976
180,2993
181,3009
182,3025
183,3041
184,3061
185,3078
186,3095
187,3112
188,3129
189,3145
190,3161
191,3177
192,3193
193,3210
194,3226
195,3242
196,3258
197,3274
198,3291
199,3308
200,3325
201,3341
202,3357
203,3375
204,3393
205,3409
206,3426
207,3444
208,3461
209,3478
210,3495
211,3512
212,3530
213,3547
214,3563
215,3579
216,3598
217,3616
218,3632
219,3648
220,3664
221,3684
222,3701
223,3717
224,3736
225,3754
226,3770
227,3789
228,3806
229,3822
230,3838
231,3855
232,3871
233,3887
234,3903
235,3919
236,3935
237,3953
238,3969
239,3985
240,4001
241,4017
242,4034
243,4050
244,4066
245,4086
246,4106
247,4122
248,4138
249,4154
250,4170
251,4186
252,4202
253,4218
254,4234
255,4252
256,4275
257,4294
258,4311
259,4330
260,4349
261,4365
262,4382
263,4398
264,4414
265,4430
266,4447
267,4463
268,4479
269,4495
270,4515
271,4532
272,4548
273,4564
274,4580
275,4601
276,4618
277,4634
278,4650
279,4666
280,4682
281,4698
282,4714
283,4731
284,4749
285,4767
286,4783
287,4799
288,4815
289,4831
290,4847
291,4864
292,4880
293,4896
294,4912
295,4928
296,4946
297,4964
298,4982
299,5001
300,5022
301,5041
302,5057
303,5073
304,5089
305,5105
306,5121
307,5137
308,5153
309,5169
310,5185
311,5201
312,5217
313,5234
314,5250
315,5269
316,5286
317,5302
318,5318
319,5334
320,5351
321,5367
322,5383
323,5399
324,5415
325,5431
326,5447
327,5464
328,5480
329,5496
330,5513
331,5529
332,5546
333,5562
334,5578
335,5594
336,5610
337,5627
338,5643
339,5659
340,5675
341,5692
342,5708
