1,20
2,40
3,58
4,74
5,91
6,108
7,124
8,141
9,157
10,173
11,190
12,206
13,223
14,239
15,256
16,273
17,290
18,306
19,323
20,339
21,356
22,375
23,394
24,411
25,427
26,444
27,461
28,481
29,503
30,523
31,539
32,556
33,572
34,589
35,605
36,624
37,642
38,659
39,676
40,692
41,708
42,727
43,744
44,761
45,777
46,794
47,810
48,827
49,843
50,860
51,877
52,893
53,909
54,926
55,942
56,959
57,975
58,992
59,1009
60,1025
61,1041
62,1058
63,1074
64,1090
65,1107
66,1123
67,1140
68,1156
69,1172
70,1189
71,1205
72,1221
73,1238
74,1254
75,1271
76,1290
77,1309
78,1327
79,1344
80,1360
81,1377
82,1393
83,1410
84,1430
85,1450
86,1469
87,1489
88,1511
89,1531
90,1551
91,1569
92,1586
93,1603
94,1620
95,1636
96,1653
97,1669
98,1686
99,1704
100,1720
101,1737
102,1754
103,1771
104,1789
105,1807
106,1825
107,1843
108,1860
109,1876
110,1892
111,1909
112,1925
113,1942
114,1958
115,1974
116,1991
117,2007
118,2024
119,2040
120,2057
121,2073
122,2089
123,2106
124,2123
125,2139
126,2156
127,2172
128,2188
129,2205
130,2222
