1,19
2,39
3,61
4,83
5,102
6,119
7,137
8,157
9,174
10,194
11,216
12,236
13,254
14,271
15,290
16,307
17,324
18,340
19,357
20,373
21,390
22,408
23,427
24,445
25,469
26,490
27,509
28,530
29,547
30,566
31,588
32,609
33,629
34,647
35,666
36,684
37,703
38,720
39,737
40,757
41,778
42,799
43,821
44,842
45,861
46,878
47,898
48,916
49,933
50,951
51,968
52,986
53,1003
54,1023
55,1041
56,1058
57,1075
58,1094
59,1111
60,1128
61,1145
62,1163
63,1181
64,1199
65,1220
66,1239
67,1259
68,1278
69,1296
70,1314
71,1332
72,1354
73,1379
74,1402
75,1429
76,1469
77,1496
78,1539
79,1567
80,1596
81,1614
82,1640
83,1659
84,1679
85,1698
86,1716
87,1732
88,1750
89,1770
90,1790
91,1810
92,1831
93,1850
94,1871
95,1889
96,1910
97,1931
98,1949
99,1968
100,1985
101,2004
102,2021
103,2039
104,2058
105,2082
106,2099
107,2117
108,2135
109,2155
110,2177
111,2196
112,2215
113,2239
114,2260
115,2277
116,2296
117,2314
118,2332
119,2349
120,2370
121,2389
122,2406
123,2426
124,2446
125,2463
126,2483
127,2500
128,2517
129,2534
130,2550
131,2567
132,2586
133,2607
134,2627
135,2645
136,2662
137,2678
138,2695
139,2712
140,2730
141,2751
142,2771
143,2794
144,2816
145,2834
146,2851
147,2868
148,2885
149,2902
150,2918
151,2935
152,2952
153,2969
154,2994
155,3016
156,3034
157,3054
158,3072
