1,17
2,33
3,50
4,67
5,85
6,102
7,119
8,136
9,152
10,169
11,186
12,203
13,222
14,241
15,261
16,280
17,301
18,321
19,338
20,356
21,373
22,392
23,413
24,434
25,451
26,468
27,486
28,506
29,525
30,542
31,559
32,577
33,594
34,611
35,628
36,644
37,661
38,677
39,696
40,716
41,736
42,752
43,771
44,788
45,805
46,821
47,838
48,856
49,875
50,893
51,912
52,932
53,957
54,974
55,991
56,1009
57,1028
58,1047
59,1064
60,1082
61,1100
62,1117
63,1136
64,1157
65,1174
66,1194
67,1215
68,1237
69,1257
70,1278
71,1299
72,1319
73,1336
74,1353
75,1370
76,1387
77,1404
78,1421
79,1437
80,1453
81,1470
82,1488
83,1505
84,1522
85,1538
86,1556
87,1572
88,1589
89,1606
90,1623
91,1639
92,1655
93,1675
94,1694
95,1714
96,1733
97,1751
98,1772
99,1790
100,1807
101,1825
102,1844
103,1862
104,1882
105,1901
106,1920
107,1940
108,1960
109,1977
110,1994
111,2010
112,2027
113,2044
114,2062
115,2080
116,2097
117,2113
118,2130
119,2148
120,2167
121,2185
122,2203
123,2222
124,2243
125,2260
126,2278
127,2296
128,2312
129,2332
130,2349
131,2366
132,2383
133,2400
134,2417
135,2434
136,2450
137,2467
138,2483
139,2502
140,2520
141,2537
142,2554
143,2571
144,2587
145,2604
146,2622
147,2641
148,2661
149,2678
150,2694
151,2712
152,2729
153,2748
154,2765
155,2784
156,2805
157,2824
158,2844
159,2862
160,2884
161,2904
162,2921
163,2937
164,2954
165,2975
166,2992
167,3009
168,3025
169,3042
170,3059
171,3076
172,3096
173,3117
174,3134
175,3150
176,3167
177,3183
178,3201
179,3221
180,3238
181,3255
182,3272
183,3288
184,3305
185,3322
186,3338
187,3355
188,3371
189,3388
190,3405
191,3422
192,3438
193,3455
194,3472
195,3488
196,3507
197,3525
198,3541
199,3558
200,3575
201,3591
202,3607
203,3623
204,3640
205,3656
206,3672
207,3689
208,3706
209,3722
210,3741
211,3760
212,3778
213,3795
214,3812
215,3828
216,3845
217,3861
218,3878
219,3895
220,3913
221,3931
222,3950
223,3969
224,3986
225,4003
