1,20
2,36
3,53
4,69
5,85
6,101
7,117
8,133
9,151
10,168
11,185
12,201
13,218
14,233
15,251
16,268
17,286
18,302
19,318
20,335
21,351
22,367
23,383
24,399
25,415
26,431
27,447
28,465
29,483
30,500
31,517
32,533
33,549
34,565
35,581
36,597
37,613
38,629
39,645
40,661
41,677
42,694
43,710
44,726
45,742
46,758
47,774
48,790
49,806
50,822
51,838
52,854
53,871
54,886
55,904
56,920
57,938
58,957
59,973
60,990
61,1006
62,1022
63,1038
64,1055
65,1071
66,1087
67,1103
68,1121
69,1138
70,1156
71,1173
72,1189
73,1207
74,1224
75,1241
76,1257
77,1273
78,1289
79,1305
80,1321
81,1338
82,1354
83,1370
84,1386
85,1402
86,1418
87,1435
88,1453
89,1469
90,1485
91,1501
92,1518
93,1534
94,1550
95,1566
96,1582
97,1598
98,1615
99,1631
100,1647
101,1663
102,1679
103,1696
104,1712
105,1728
106,1744
107,1760
108,1776
109,1792
110,1808
111,1824
112,1839
113,1856
114,1871
115,1887
116,1904
117,1920
118,1940
119,1956
120,1972
121,1989
122,2005
123,2021
124,2037
125,2053
126,2069
127,2086
128,2104
129,2122
130,2138
131,2155
132,2171
133,2187
134,2203
135,2219
136,2235
137,2251
138,2267
139,2283
140,2299
141,2315
142,2331
143,2348
144,2364
145,2384
146,2401
147,2420
148,2440
149,2459
150,2479
151,2497
152,2514
153,2531
154,2547
155,2563
156,2580
157,2596
158,2611
159,2628
160,2643
161,2659
162,2675
163,2691
164,2708
165,2723
166,2740
167,2757
168,2773
169,2789
170,2805
171,2821
172,2837
173,2853
174,2869
175,2885
176,2901
177,2917
178,2936
179,2956
180,2973
181,2989
182,3005
183,3021
184,3037
185,3054
186,3072
187,3089
188,3106
189,3123
190,3139
191,3155
192,3172
193,3188
194,3204
195,3220
196,3236
197,3253
198,3269
199,3285
200,3305
201,3325
202,3344
203,3361
204,3381
205,3399
206,3415
207,3431
208,3447
209,3464
210,3480
211,3496
212,3512
213,3529
214,3545
215,3561
216,3583
217,3599
218,3615
219,3631
220,3648
221,3664
222,3680
223,3696
224,3712
225,3728
226,3744
227,3760
228,3776
229,3793
230,3808
231,3825
232,3841
233,3857
234,3873
235,3894
236,3910
237,3926
238,3946
239,3962
240,3979
241,3994
242,4010
243,4028
244,4045
245,4063
246,4080
247,4096
248,4114
249,4131
250,4147
251,4163
252,4180
253,4198
254,4215
255,4236
256,4255
257,4273
258,4292
259,4310
260,4328
261,4345
262,4362
263,4378
264,4394
265,4410
266,4426
267,4443
268,4459
269,4475
270,4491
271,4507
272,4523
273,4540
274,4556
275,4572
276,4591
277,4608
278,4624
279,4642
280,4658
281,4674
282,4690
283,4706
284,4722
285,4738
286,4754
287,4770
288,4786
289,4802
290,4818
291,4835
292,4851
293,4867
294,4883
295,4900
296,4916
297,4932
298,4948
299,4964
300,4980
301,4997
302,5014
303,5032
304,5048
305,5064
306,5080
307,5096
308,5112
309,5128
310,5144
311,5160
312,5176
313,5192
314,5208
315,5224
316,5240
317,5256
318,5272
319,5289
320,5305
321,5322
322,5339
323,5357
324,5373
325,5390
326,5406
327,5422
328,5438
329,5454
330,5470
331,5486
332,5502
333,5518
334,5535
335,5551
336,5572
337,5588
338,5604
339,5620
340,5636
341,5655
342,5672
343,5689
344,5705
345,5721
346,5738
347,5754
348,5770
349,5787
350,5803
351,5819
352,5835
353,5853
354,5869
355,5885
356,5902
357,5918
358,5934
359,5952
360,5969
361,5985
362,6001
363,6017
364,6033
365,6051
366,6068
367,6085
368,6101
369,6117
370,6134
371,6150
372,6166
373,6182
374,6198
375,6215
376,6231
377,6248
378,6268
379,6285
380,6301
381,6318
382,6335
383,6351
384,6367
385,6383
386,6399
387,6415
388,6431
389,6447
390,6463
391,6479
392,6496
393,6512
394,6528
395,6544
396,6560
397,6576
398,6592
399,6608
400,6624
401,6640
402,6656
403,6672
404,6688
405,6704
406,6720
407,6736
408,6757
409,6773
410,6789
411,6805
412,6823
413,6840
414,6856
415,6874
416,6890
417,6907
418,6926
419,6946
420,6965
421,6982
422,6999
423,7015
424,7032
425,7047
426,7063
427,7080
428,7096
429,7114
430,7130
431,7147
432,7163
433,7179
434,7196
435,7212
436,7228
437,7245
438,7261
439,7277
440,7293
441,7309
442,7325
443,7341
444,7358
445,7375
446,7393
447,7409
448,7425
449,7441
450,7457
451,7473
452,7489
453,7506
454,7521
455,7537
456,7553
457,7569
458,7585
459,7602
460,7617
461,7633
462,7650
463,7666
464,7682
465,7698
466,7714
467,7730
468,7746
469,7762
470,7781
471,7799
472,7815
473,7831
474,7847
475,7863
476,7881
477,7898
478,7915
479,7931
480,7947
481,7963
482,7979
483,7996
484,8012
485,8028
486,8044
487,8060
488,8078
489,8096
490,8113
491,8130
492,8147
493,8163
494,8180
495,8197
496,8214
497,8229
498,8246
499,8265
500,8281
501,8302
502,8320
503,8337
504,8355
505,8371
506,8391
507,8408
508,8424
509,8441
510,8458
511,8474
512,8491
513,8507
514,8523
515,8541
516,8559
517,8575
518,8591
519,8607
520,8627
521,8644
522,8660
523,8676
524,8692
525,8709
526,8725
527,8741
528,8759
529,8775
530,8794
531,8812
532,8829
533,8849
534,8869
535,8889
536,8907
537,8923
538,8940
539,8956
540,8972
541,8988
542,9004
543,9020
544,9038
545,9055
