1,23
2,41
3,60
4,79
5,96
6,114
7,131
8,149
9,167
10,184
11,200
12,218
13,236
14,253
15,270
16,287
17,305
18,323
19,345
20,363
21,384
22,402
23,420
24,437
25,457
26,475
27,494
28,510
29,530
30,555
31,574
32,591
33,610
34,628
35,646
36,664
37,684
38,702
39,720
40,743
41,763
42,782
43,799
44,821
45,840
46,857
47,878
48,904
49,926
50,946
51,966
52,984
53,1005
54,1023
55,1039
56,1059
57,1080
58,1098
59,1116
60,1134
61,1153
62,1174
63,1193
64,1211
65,1229
66,1246
67,1265
68,1285
69,1304
70,1322
71,1339
72,1357
73,1377
74,1396
75,1413
76,1433
77,1453
78,1471
79,1488
80,1505
81,1522
82,1540
83,1557
84,1573
85,1590
86,1606
87,1622
88,1639
89,1655
90,1671
91,1688
92,1707
93,1725
94,1745
95,1763
96,1779
97,1796
98,1812
99,1828
100,1844
101,1860
102,1876
103,1892
104,1908
105,1924
106,1940
107,1956
108,1975
109,1993
110,2010
111,2027
112,2043
113,2060
114,2076
115,2092
116,2108
117,2124
118,2140
119,2156
120,2172
121,2188
122,2205
123,2220
124,2238
125,2256
126,2272
127,2288
128,2304
129,2320
130,2336
131,2352
132,2368
133,2385
134,2401
135,2420
136,2437
137,2455
138,2473
139,2490
140,2508
141,2526
142,2543
143,2564
144,2582
145,2599
146,2616
147,2635
148,2655
149,2673
150,2691
151,2709
152,2728
153,2746
154,2764
155,2784
156,2801
157,2819
158,2837
159,2856
160,2874
161,2892
162,2911
163,2928
164,2945
165,2963
166,2980
167,2998
168,3017
169,3034
170,3052
171,3069
172,3086
173,3104
174,3121
175,3138
176,3155
177,3175
178,3193
179,3210
180,3229
181,3247
182,3264
183,3281
184,3299
185,3317
186,3334
187,3351
188,3368
189,3385
190,3404
191,3423
192,3440
193,3457
194,3475
195,3492
196,3510
197,3527
198,3546
199,3563
200,3581
201,3598
202,3615
203,3634
204,3652
205,3670
206,3688
207,3707
208,3724
209,3742
210,3759
211,3776
212,3795
213,3813
214,3830
215,3847
216,3864
217,3881
218,3902
219,3919
220,3937
221,3954
222,3971
223,3990
224,4009
225,4028
226,4044
227,4062
228,4083
229,4100
230,4117
231,4135
232,4155
233,4172
234,4189
235,4206
236,4223
237,4239
238,4257
239,4273
240,4289
241,4306
242,4323
243,4343
244,4360
245,4379
246,4396
247,4413
248,4430
249,4447
250,4464
251,4481
252,4498
253,4515
254,4532
255,4551
256,4568
257,4588
258,4606
259,4625
260,4646
261,4664
262,4681
263,4698
264,4715
265,4731
266,4747
267,4764
268,4780
269,4797
270,4815
271,4833
272,4850
273,4871
274,4890
275,4910
276,4929
277,4947
278,4965
279,4982
280,5001
281,5019
282,5035
283,5054
284,5071
285,5088
286,5105
287,5122
288,5139
289,5157
290,5175
291,5192
292,5209
293,5227
294,5244
295,5261
296,5278
297,5295
298,5312
299,5329
300,5346
301,5363
302,5385
303,5403
304,5420
305,5437
306,5455
307,5472
308,5491
309,5507
310,5523
311,5540
312,5556
313,5575
314,5593
315,5611
316,5628
317,5644
318,5661
319,5677
320,5693
321,5709
322,5725
323,5742
324,5758
325,5774
326,5790
327,5806
328,5823
329,5838
330,5855
331,5871
332,5887
333,5903
334,5919
335,5935
336,5956
337,5974
338,5990
339,6007
340,6023
341,6039
342,6055
343,6071
344,6090
345,6107
346,6125
347,6142
348,6158
349,6174
350,6193
351,6209
352,6226
353,6242
354,6258
355,6274
356,6290
357,6307
358,6323
359,6339
360,6356
361,6372
362,6392
363,6408
364,6424
365,6441
366,6460
367,6476
368,6492
369,6508
370,6524
371,6541
372,6560
373,6579
374,6596
375,6612
376,6629
377,6645
378,6661
379,6677
380,6693
381,6709
382,6726
383,6742
384,6758
385,6774
386,6790
387,6806
388,6822
389,6838
390,6855
391,6871
392,6887
393,6903
394,6919
395,6935
396,6952
397,6968
398,6984
399,7000
400,7015
401,7032
402,7048
403,7064
404,7080
405,7096
406,7112
407,7129
408,7145
409,7161
410,7177
411,7193
412,7209
413,7225
414,7242
415,7257
416,7274
417,7290
418,7306
419,7322
420,7338
421,7354
422,7370
423,7387
424,7404
425,7420
426,7436
427,7452
428,7468
429,7484
430,7501
431,7517
432,7534
433,7553
434,7569
435,7585
436,7601
437,7617
438,7633
439,7649
440,7665
441,7681
442,7697
443,7713
444,7730
445,7746
446,7762
447,7778
448,7798
449,7815
450,7831
451,7848
452,7864
453,7881
454,7897
455,7914
456,7930
457,7947
458,7963
459,7980
460,7997
461,8013
462,8031
463,8049
464,8065
465,8081
466,8098
467,8117
468,8134
469,8150
470,8166
471,8182
472,8198
473,8214
474,8230
475,8246
476,8263
477,8279
478,8295
479,8311
480,8327
481,8343
482,8359
483,8375
484,8392
485,8409
486,8424
487,8441
488,8457
489,8473
490,8491
491,8509
492,8527
493,8544
494,8560
495,8576
496,8592
497,8610
498,8627
499,8643
500,8659
501,8675
502,8691
503,8708
504,8723
505,8739
506,8756
507,8772
508,8788
509,8804
510,8820
511,8837
512,8853
513,8869
514,8885
515,8901
516,8917
517,8933
518,8949
519,8965
520,8982
521,8998
522,9014
523,9031
524,9048
525,9064
526,9080
527,9096
528,9113
529,9129
530,9145
531,9163
532,9183
533,9199
534,9215
535,9231
536,9247
537,9264
538,9281
539,9297
540,9314
541,9330
542,9346
543,9363
544,9379
545,9395
546,9411
547,9427
548,9443
549,9459
550,9475
551,9492
552,9508
553,9524
554,9540
555,9556
556,9572
557,9591
558,9610
559,9628
560,9645
561,9661
562,9677
563,9693
564,9709
565,9725
566,9741
567,9758
568,9774
569,9790
570,9806
571,9823
572,9839
573,9855
574,9871
575,9887
576,9903
577,9919
578,9935
579,9951
580,9967
581,9983
582,9999
583,10016
584,10032
585,10048
586,10064
587,10080
588,10097
589,10113
590,10129
591,10145
592,10161
593,10178
594,10194
595,10210
596,10226
597,10243
598,10259
599,10288
