1,20
2,36
3,53
4,69
5,85
6,103
7,120
8,137
9,155
10,171
11,188
12,205
13,226
14,244
15,261
16,277
17,293
18,310
19,326
20,342
21,358
22,375
23,391
24,407
25,423
26,440
27,456
28,472
29,488
30,505
31,525
32,544
33,561
34,578
35,594
36,611
37,631
38,648
39,664
40,680
41,696
42,713
43,729
44,745
45,761
46,777
47,793
48,810
49,826
50,842
51,862
52,880
53,898
54,915
55,931
56,948
57,965
58,984
59,1002
60,1022
61,1039
62,1056
63,1072
64,1088
65,1105
66,1122
67,1140
68,1161
69,1181
70,1198
71,1214
72,1230
73,1247
74,1264
75,1280
76,1299
77,1317
78,1333
79,1349
80,1365
81,1381
82,1398
83,1414
84,1430
85,1446
86,1462
87,1479
88,1495
89,1511
90,1528
91,1544
92,1560
93,1576
94,1593
95,1610
96,1626
97,1642
98,1658
99,1674
100,1691
101,1707
102,1723
103,1739
104,1756
105,1772
106,1788
107,1806
108,1825
109,1844
110,1861
111,1878
112,1894
113,1910
114,1926
115,1944
116,1964
117,1982
118,2001
119,2018
120,2034
121,2050
122,2069
123,2088
124,2110
125,2128
126,2146
127,2163
128,2180
129,2196
130,2212
131,2228
132,2245
133,2261
134,2277
135,2293
136,2310
137,2326
138,2343
139,2360
140,2377
141,2393
142,2409
143,2426
144,2442
145,2458
146,2474
147,2491
148,2507
149,2523
150,2540
151,2557
152,2573
153,2589
154,2606
155,2622
156,2638
157,2654
158,2671
159,2687
160,2703
161,2719
162,2736
163,2753
164,2775
165,2795
166,2815
167,2835
168,2858
169,2879
170,2899
171,2919
172,2937
173,2953
174,2970
175,2986
176,3002
177,3019
178,3035
179,3052
180,3069
181,3085
182,3101
183,3118
184,3135
185,3151
186,3167
187,3183
188,3200
189,3216
190,3233
191,3249
192,3266
193,3282
194,3299
195,3315
196,3332
197,3348
198,3365
199,3381
200,3398
201,3414
202,3430
203,3446
204,3463
205,3480
206,3496
207,3513
208,3530
209,3546
210,3563
211,3579
212,3596
213,3613
214,3629
215,3645
216,3662
217,3678
218,3694
219,3711
220,3728
221,3744
222,3761
223,3777
224,3793
225,3810
226,3826
227,3842
228,3858
229,3875
230,3893
231,3910
232,3927
233,3946
234,3965
235,3986
236,4004
237,4020
238,4036
239,4052
240,4069
241,4085
242,4101
243,4118
244,4134
245,4150
246,4166
247,4182
248,4198
249,4215
250,4231
251,4247
252,4263
253,4280
254,4296
255,4312
256,4329
257,4345
258,4362
259,4378
260,4394
261,4410
262,4427
263,4443
264,4459
