1,20
2,36
3,52
4,68
5,84
6,101
7,116
8,133
9,149
10,165
11,181
12,197
13,213
14,229
15,245
16,261
17,277
18,293
19,309
20,325
21,341
22,357
23,373
24,389
25,405
26,422
27,438
28,454
29,470
30,486
31,502
32,518
33,534
34,550
35,566
36,582
37,599
38,615
39,631
40,647
41,663
42,679
43,696
44,712
45,728
46,745
47,760
48,776
49,793
50,808
51,824
52,841
53,856
54,872
55,888
56,904
57,920
58,936
59,952
60,969
61,985
62,1001
63,1017
64,1033
65,1049
66,1065
67,1081
68,1097
69,1113
70,1129
71,1145
72,1162
73,1178
74,1194
75,1210
76,1225
77,1241
78,1258
79,1274
80,1290
81,1305
82,1321
83,1338
84,1353
85,1370
86,1386
87,1402
88,1418
89,1434
90,1450
91,1466
92,1482
93,1498
94,1514
95,1530
96,1549
97,1570
98,1586
99,1602
100,1618
101,1634
102,1652
103,1668
104,1684
105,1700
106,1716
107,1732
108,1748
109,1765
110,1780
111,1797
112,1812
113,1829
114,1845
115,1862
116,1878
117,1894
118,1911
119,1926
120,1943
121,1960
122,1975
123,1992
124,2008
125,2024
126,2040
127,2057
128,2072
129,2088
130,2105
131,2121
132,2137
133,2153
134,2169
135,2185
136,2201
137,2217
138,2233
139,2253
140,2269
141,2285
142,2302
143,2318
144,2334
145,2351
146,2367
147,2383
148,2399
149,2416
150,2432
151,2447
152,2464
153,2482
154,2499
155,2515
156,2531
157,2547
158,2563
159,2579
160,2595
161,2614
162,2632
163,2651
164,2668
165,2685
166,2701
167,2717
168,2733
169,2749
170,2765
171,2781
172,2797
173,2814
174,2830
175,2847
176,2862
177,2879
178,2895
179,2911
180,2927
181,2943
182,2960
183,2976
184,2992
185,3009
186,3025
187,3042
188,3057
189,3074
190,3090
191,3105
192,3122
193,3138
194,3154
195,3171
196,3187
197,3204
198,3220
199,3236
200,3252
201,3268
202,3284
203,3300
204,3317
205,3333
206,3349
207,3365
208,3381
209,3397
210,3413
211,3429
212,3445
213,3462
214,3479
215,3495
216,3511
217,3527
218,3543
219,3559
220,3576
221,3592
222,3608
223,3624
224,3640
225,3656
226,3672
227,3689
228,3705
229,3721
230,3737
231,3753
232,3770
233,3786
234,3802
235,3818
236,3834
237,3850
238,3867
239,3883
240,3899
241,3915
242,3932
243,3948
244,3964
245,3980
246,3996
247,4012
248,4029
249,4045
250,4061
251,4077
252,4093
253,4109
254,4125
255,4141
256,4160
257,4176
258,4192
259,4208
260,4226
261,4244
262,4260
263,4275
264,4292
265,4308
266,4324
267,4340
268,4356
269,4372
270,4388
271,4404
272,4420
273,4436
274,4453
275,4469
276,4485
277,4501
278,4518
279,4534
280,4551
281,4567
282,4583
283,4599
284,4615
285,4631
286,4647
287,4664
288,4680
289,4697
290,4713
291,4729
292,4745
293,4761
294,4777
295,4794
296,4810
297,4826
298,4842
299,4858
300,4875
301,4891
302,4907
303,4923
304,4939
305,4955
306,4972
307,4988
308,5004
309,5020
310,5037
311,5053
312,5069
313,5085
314,5101
315,5118
316,5136
317,5152
318,5168
319,5184
320,5200
321,5217
322,5233
323,5249
324,5265
325,5282
326,5298
327,5314
328,5331
329,5347
330,5363
331,5380
332,5396
333,5412
334,5428
335,5444
336,5460
337,5477
338,5493
339,5510
340,5528
341,5546
342,5564
343,5580
344,5596
345,5613
346,5629
347,5645
348,5661
349,5677
350,5694
351,5712
352,5731
353,5749
354,5766
355,5782
356,5799
357,5816
358,5832
359,5848
360,5865
361,5881
362,5897
363,5913
364,5929
365,5945
366,5961
367,5977
368,5994
369,6014
370,6030
371,6046
372,6062
373,6078
374,6094
375,6111
376,6127
377,6143
378,6159
379,6175
380,6191
381,6207
382,6223
383,6243
384,6260
385,6276
386,6292
387,6308
388,6324
389,6340
390,6356
391,6372
392,6388
393,6404
394,6420
395,6436
396,6453
397,6470
398,6489
399,6507
400,6526
401,6543
402,6559
403,6575
404,6591
405,6607
406,6623
407,6639
408,6655
409,6671
410,6687
411,6704
412,6720
413,6736
414,6752
415,6769
416,6786
417,6801
418,6818
419,6833
420,6850
421,6866
422,6882
423,6897
424,6913
425,6929
426,6945
427,6962
428,6978
429,6995
430,7011
431,7027
432,7043
433,7060
434,7076
435,7092
436,7109
437,7125
438,7140
439,7157
440,7172
441,7188
442,7205
443,7221
444,7237
445,7253
446,7268
447,7284
448,7301
449,7317
450,7333
451,7350
452,7366
453,7381
454,7398
455,7415
456,7431
457,7447
458,7464
459,7480
460,7496
461,7512
462,7528
463,7545
464,7561
465,7577
466,7593
467,7609
468,7624
469,7641
470,7657
471,7673
472,7690
473,7706
474,7722
475,7738
476,7755
477,7771
478,7787
479,7803
480,7822
481,7839
482,7856
483,7872
484,7888
485,7905
486,7924
487,7941
488,7957
489,7974
490,7991
491,8011
492,8027
493,8043
494,8059
495,8076
496,8092
497,8108
498,8124
499,8141
500,8160
501,8176
502,8192
503,8208
504,8225
505,8241
506,8257
507,8274
508,8290
509,8306
510,8322
511,8338
512,8354
513,8370
514,8386
515,8404
516,8423
517,8441
518,8458
519,8474
520,8491
521,8507
522,8523
523,8539
524,8556
525,8572
526,8588
527,8604
528,8620
529,8636
530,8652
531,8668
532,8684
533,8701
534,8717
535,8734
536,8751
537,8767
538,8783
539,8800
540,8816
541,8832
542,8848
543,8864
544,8880
545,8896
546,8912
547,8928
548,8945
549,8961
550,8979
551,8995
552,9011
553,9027
554,9044
555,9060
556,9076
557,9092
558,9108
559,9124
560,9141
561,9157
562,9173
563,9190
564,9206
565,9222
566,9238
567,9254
568,9270
569,9286
570,9302
571,9318
572,9334
573,9350
574,9367
575,9386
576,9404
577,9421
578,9437
579,9453
580,9469
581,9485
582,9501
583,9517
584,9533
585,9549
586,9565
587,9581
588,9596
589,9613
590,9629
591,9645
592,9661
593,9677
594,9692
595,9709
596,9725
597,9741
598,9757
599,9774
