1,20
2,36
3,52
4,68
5,84
6,100
7,116
8,132
9,148
10,164
11,181
12,197
13,213
14,229
15,245
16,261
17,277
18,293
19,309
20,325
21,341
22,357
23,373
24,389
25,405
26,421
27,437
28,453
29,470
30,489
31,507
32,525
33,541
34,558
35,574
36,590
37,606
38,622
39,638
40,654
41,671
42,687
43,703
44,719
45,735
46,751
47,767
48,783
49,799
50,815
51,831
52,847
53,863
54,879
55,895
56,911
57,927
58,943
59,959
60,975
61,991
62,1007
63,1023
64,1039
65,1055
66,1071
67,1087
68,1103
69,1119
70,1135
71,1152
72,1168
73,1184
74,1200
75,1216
76,1232
77,1248
78,1264
79,1280
80,1296
81,1312
82,1328
83,1344
84,1359
85,1376
86,1392
87,1408
88,1424
89,1440
90,1459
91,1477
92,1495
93,1511
94,1527
95,1543
96,1559
97,1575
98,1591
99,1607
100,1623
101,1640
102,1656
103,1671
104,1687
105,1703
106,1719
107,1736
108,1751
109,1768
110,1784
111,1800
112,1816
113,1832
114,1848
115,1864
116,1881
117,1896
118,1912
119,1929
120,1944
121,1961
122,1977
123,1993
124,2009
125,2025
126,2041
127,2057
128,2073
129,2089
130,2107
131,2125
132,2141
133,2157
134,2173
135,2189
136,2205
137,2221
138,2237
139,2253
140,2269
141,2285
142,2303
143,2319
144,2335
145,2351
146,2367
147,2383
148,2399
149,2415
150,2435
151,2453
152,2470
153,2486
154,2502
155,2518
156,2534
157,2550
158,2570
159,2587
160,2603
161,2619
162,2635
163,2651
164,2667
165,2683
166,2699
167,2715
168,2731
169,2747
170,2763
171,2779
172,2795
173,2811
174,2827
175,2843
176,2859
177,2875
178,2891
179,2907
180,2923
181,2939
182,2955
183,2971
184,2987
185,3003
186,3019
187,3035
188,3051
189,3067
190,3083
191,3099
192,3115
193,3131
194,3147
195,3163
196,3179
197,3195
198,3211
199,3227
200,3243
201,3259
202,3275
203,3291
204,3307
205,3323
206,3339
207,3355
208,3371
209,3388
210,3404
211,3420
212,3436
213,3453
214,3469
215,3485
216,3501
217,3517
218,3534
219,3549
220,3565
221,3582
222,3598
223,3614
224,3630
225,3646
226,3662
227,3678
228,3695
229,3710
230,3726
231,3742
232,3759
233,3775
234,3790
235,3807
236,3823
237,3839
238,3855
239,3871
240,3887
241,3903
242,3919
243,3935
244,3951
245,3967
246,3983
247,3999
248,4015
249,4031
250,4048
251,4064
252,4080
253,4096
254,4112
255,4129
256,4146
257,4161
258,4177
259,4194
260,4209
261,4228
262,4248
263,4266
264,4282
265,4299
266,4315
267,4331
268,4347
269,4364
270,4380
271,4397
272,4414
273,4430
274,4446
275,4462
276,4478
277,4495
278,4511
279,4527
280,4543
281,4560
282,4576
283,4592
284,4608
285,4624
286,4641
287,4657
288,4673
289,4689
290,4706
291,4723
292,4739
293,4755
294,4771
295,4788
296,4804
297,4820
298,4837
299,4853
300,4869
301,4885
302,4901
303,4917
304,4933
305,4949
306,4965
307,4981
308,4997
309,5014
310,5030
311,5047
312,5063
313,5079
314,5095
315,5111
316,5128
317,5145
318,5162
319,5180
320,5196
321,5212
322,5231
323,5248
324,5264
325,5280
326,5296
327,5312
328,5330
329,5348
330,5367
331,5384
332,5400
333,5416
334,5432
335,5448
336,5464
337,5480
338,5496
339,5512
340,5528
341,5544
342,5560
343,5576
344,5592
345,5608
346,5625
347,5641
348,5657
349,5673
350,5689
351,5705
352,5721
353,5737
354,5753
355,5769
356,5785
357,5801
358,5817
359,5833
360,5849
361,5865
362,5881
363,5897
364,5913
365,5930
366,5946
367,5962
368,5978
369,5994
370,6010
371,6026
372,6042
373,6058
374,6074
375,6091
376,6107
377,6123
378,6139
379,6155
380,6171
381,6187
382,6203
383,6219
384,6235
385,6251
386,6267
387,6283
388,6300
389,6316
390,6332
391,6348
392,6364
393,6380
394,6397
395,6413
396,6430
397,6446
398,6462
399,6478
400,6494
401,6511
402,6527
403,6543
404,6560
405,6577
406,6593
407,6609
408,6625
409,6641
410,6657
411,6673
412,6690
413,6706
414,6722
415,6738
416,6754
417,6773
418,6791
419,6807
420,6823
421,6839
422,6855
423,6871
424,6887
425,6903
426,6919
427,6936
428,6951
429,6967
430,6984
431,7000
432,7016
433,7032
434,7048
435,7065
436,7081
437,7097
438,7113
439,7129
440,7146
441,7162
442,7178
443,7194
444,7211
445,7227
446,7243
447,7259
448,7276
449,7292
450,7308
451,7324
452,7341
453,7357
454,7374
455,7390
456,7406
457,7422
458,7438
459,7454
460,7470
461,7487
462,7504
463,7521
464,7538
465,7554
466,7571
467,7588
468,7606
469,7622
470,7638
471,7654
472,7671
473,7687
474,7703
475,7719
476,7735
477,7751
478,7767
479,7783
480,7799
481,7815
482,7831
483,7847
484,7863
485,7879
486,7895
487,7911
488,7927
489,7943
490,7959
491,7976
492,7992
493,8008
494,8024
495,8040
496,8056
497,8072
498,8088
499,8104
500,8120
501,8136
502,8152
503,8168
504,8184
505,8201
506,8217
507,8236
508,8253
509,8269
510,8285
511,8302
512,8318
513,8334
514,8350
515,8366
516,8382
517,8398
518,8414
519,8430
520,8446
521,8462
522,8478
523,8494
524,8510
525,8527
526,8543
527,8559
528,8576
529,8592
530,8608
531,8625
532,8641
533,8657
534,8672
535,8688
536,8705
537,8721
538,8737
539,8753
540,8769
541,8785
542,8801
543,8817
544,8833
545,8849
546,8865
547,8881
548,8897
549,8913
550,8928
551,8945
552,8961
553,8977
554,8993
555,9009
556,9025
557,9041
558,9058
559,9074
560,9090
561,9106
562,9122
563,9138
564,9154
565,9169
566,9187
567,9206
568,9224
569,9242
570,9258
571,9275
572,9291
573,9307
574,9323
575,9339
576,9355
577,9371
578,9388
579,9404
580,9421
581,9437
582,9453
583,9469
584,9485
585,9501
586,9517
587,9533
588,9549
589,9566
590,9582
591,9598
592,9613
593,9630
594,9646
595,9662
596,9678
597,9694
598,9710
599,9726
