1,17
2,34
3,51
4,68
5,84
6,101
7,118
8,134
9,151
10,168
11,185
12,202
13,219
14,237
15,255
16,273
17,290
18,308
19,326
20,343
21,361
22,379
23,397
24,415
25,432
26,449
27,467
28,485
29,502
30,520
31,539
32,559
33,580
34,597
35,614
36,631
37,649
38,666
39,683
40,700
41,717
42,734
43,751
44,768
45,785
46,802
47,818
48,835
49,852
50,868
51,885
52,902
53,919
54,937
55,954
56,971
57,989
58,1006
59,1022
60,1038
61,1054
62,1070
63,1086
64,1103
65,1119
66,1135
67,1152
68,1168
69,1185
70,1201
71,1217
72,1233
73,1249
74,1265
75,1282
