1,22
2,39
3,55
4,71
5,88
6,105
7,122
8,138
9,154
10,171
11,187
12,204
13,220
14,236
15,252
16,268
17,284
18,300
19,318
20,334
21,350
22,367
23,383
24,399
25,415
26,431
27,447
28,463
29,479
30,495
31,512
32,528
33,544
34,560
35,577
36,593
37,609
38,625
39,641
40,658
41,674
42,690
43,706
44,722
45,738
46,754
47,770
48,786
49,803
50,819
51,835
52,851
53,868
54,884
55,900
56,916
57,933
58,950
59,969
60,988
61,1007
62,1024
63,1040
64,1060
65,1078
66,1095
67,1115
68,1133
69,1152
70,1171
71,1188
72,1205
73,1222
74,1239
75,1255
76,1273
77,1293
78,1314
79,1333
80,1351
81,1368
82,1385
83,1402
84,1419
85,1435
86,1453
87,1473
88,1491
89,1508
90,1524
91,1541
92,1558
93,1575
94,1592
95,1608
96,1625
97,1641
98,1657
99,1673
100,1689
101,1705
102,1721
103,1739
104,1755
105,1771
106,1788
107,1805
108,1822
109,1838
110,1854
111,1870
112,1886
113,1902
114,1918
115,1934
116,1951
117,1966
118,1983
119,1999
120,2015
121,2031
122,2047
123,2063
124,2082
125,2100
126,2119
127,2136
128,2154
129,2171
130,2190
131,2209
132,2226
133,2242
134,2261
135,2279
136,2297
137,2313
138,2330
139,2346
140,2362
141,2379
142,2395
143,2411
144,2427
145,2443
146,2459
147,2475
148,2491
149,2507
150,2524
151,2540
152,2556
153,2572
154,2588
155,2606
156,2624
157,2644
158,2663
159,2681
160,2700
161,2717
162,2733
163,2749
164,2765
165,2781
166,2797
167,2813
168,2829
169,2845
170,2861
171,2877
172,2893
173,2909
174,2925
175,2941
176,2957
177,2975
178,2994
179,3010
180,3026
181,3042
182,3058
183,3074
184,3091
185,3107
186,3123
187,3140
188,3156
189,3172
190,3188
191,3204
192,3221
193,3237
194,3253
195,3271
196,3287
197,3303
198,3319
199,3335
200,3351
201,3367
202,3383
203,3401
204,3417
205,3433
206,3449
207,3465
208,3481
209,3497
210,3513
211,3529
212,3545
213,3561
214,3577
215,3593
216,3610
217,3626
218,3642
219,3658
220,3674
221,3690
222,3706
223,3722
224,3740
225,3757
226,3773
227,3789
228,3805
229,3821
230,3838
231,3859
232,3875
233,3891
234,3907
235,3923
236,3939
237,3956
238,3972
239,3991
240,4011
241,4030
242,4048
243,4066
244,4085
245,4104
246,4124
247,4144
248,4162
249,4180
250,4199
251,4217
252,4235
253,4254
254,4272
255,4290
256,4309
257,4327
258,4346
259,4364
260,4382
261,4400
262,4419
263,4438
264,4457
265,4476
266,4494
267,4512
268,4530
269,4549
270,4568
271,4587
272,4605
273,4622
274,4639
275,4656
276,4674
277,4691
278,4709
279,4726
280,4743
281,4759
282,4776
283,4793
284,4809
285,4826
286,4843
287,4860
288,4877
289,4893
290,4910
291,4928
292,4949
293,4970
294,4989
295,5007
296,5026
297,5044
298,5065
299,5085
300,5103
301,5121
302,5139
303,5157
304,5175
305,5194
306,5212
307,5231
308,5249
309,5267
310,5285
311,5303
312,5321
313,5340
314,5358
315,5376
316,5395
317,5414
318,5433
319,5452
320,5470
321,5488
322,5506
323,5524
324,5543
325,5562
326,5578
327,5595
328,5613
329,5630
330,5646
331,5663
332,5680
333,5697
334,5715
335,5733
336,5751
337,5768
338,5785
339,5801
340,5818
341,5835
342,5852
343,5869
344,5885
345,5902
346,5922
347,5941
348,5960
349,5978
350,5996
351,6015
352,6035
353,6055
354,6073
355,6091
356,6110
357,6127
358,6146
359,6165
360,6183
361,6201
362,6220
363,6238
364,6257
365,6275
366,6294
367,6312
368,6329
369,6347
370,6365
371,6382
372,6400
373,6416
374,6433
375,6450
376,6466
377,6483
378,6500
379,6517
380,6534
381,6550
382,6569
383,6589
384,6609
385,6627
386,6646
387,6665
388,6684
389,6704
390,6721
391,6739
392,6758
393,6776
394,6794
395,6813
396,6831
397,6850
398,6868
399,6887
400,6906
401,6925
402,6943
403,6961
404,6979
405,6997
406,7014
407,7032
408,7049
409,7066
410,7083
411,7099
412,7116
413,7133
414,7150
415,7167
416,7184
417,7202
418,7222
419,7241
420,7259
421,7277
422,7295
423,7314
424,7332
425,7351
426,7370
427,7387
428,7405
429,7423
430,7441
431,7458
432,7475
433,7493
434,7510
435,7527
436,7546
437,7566
438,7585
439,7604
440,7622
441,7641
442,7659
443,7678
444,7697
445,7716
446,7734
447,7752
448,7769
449,7786
450,7804
451,7821
452,7838
453,7856
454,7874
455,7892
456,7911
457,7930
458,7946
459,7963
460,7980
461,7996
462,8013
463,8029
464,8045
465,8061
466,8077
467,8095
468,8111
469,8127
470,8143
471,8160
472,8176
473,8192
474,8208
475,8224
476,8241
477,8257
478,8273
479,8292
480,8309
481,8327
482,8344
483,8361
484,8379
485,8400
486,8418
487,8435
488,8452
489,8470
490,8489
491,8510
492,8529
493,8547
494,8564
495,8586
496,8606
497,8628
498,8646
499,8663
500,8683
501,8701
502,8720
503,8738
504,8755
505,8772
506,8790
507,8808
508,8828
509,8848
510,8868
511,8887
512,8906
513,8925
514,8945
515,8965
516,8984
517,9003
518,9021
519,9040
520,9059
521,9078
522,9097
523,9116
524,9134
525,9153
526,9172
527,9191
528,9210
529,9229
530,9248
531,9266
532,9286
533,9304
534,9323
535,9342
536,9360
537,9379
538,9396
539,9414
540,9431
541,9448
542,9465
543,9483
544,9500
545,9517
546,9534
547,9551
548,9568
549,9585
550,9601
551,9618
552,9635
553,9652
554,9669
555,9686
556,9704
557,9724
558,9744
559,9762
560,9780
561,9798
562,9818
563,9838
564,9857
565,9875
566,9894
567,9912
568,9931
569,9950
570,9968
571,9986
572,10005
573,10024
574,10043
575,10062
576,10080
577,10099
578,10117
579,10135
580,10152
581,10169
582,10185
583,10202
584,10219
585,10236
586,10253
587,10269
588,10286
589,10304
590,10320
591,10337
592,10354
593,10371
594,10387
595,10405
596,10422
597,10439
598,10455
599,10471
