1,21
2,41
3,58
4,75
5,91
6,108
7,126
8,143
9,161
10,179
11,198
12,218
13,237
14,255
15,274
16,293
17,313
18,333
19,351
20,370
21,388
22,407
23,425
24,443
25,462
26,480
27,500
28,520
29,539
30,557
31,576
32,595
33,614
34,631
35,650
36,669
37,686
38,704
39,722
40,740
41,758
42,777
43,795
44,814
45,831
46,848
47,865
48,882
49,899
50,915
51,933
52,950
53,968
54,985
55,1002
56,1020
57,1037
58,1057
59,1074
60,1091
61,1108
62,1125
63,1141
64,1158
65,1175
66,1192
67,1208
68,1225
69,1242
70,1259
71,1275
72,1292
73,1309
74,1326
75,1342
76,1359
77,1376
78,1393
79,1410
80,1427
81,1445
82,1462
83,1480
84,1498
85,1515
86,1532
87,1550
88,1567
89,1585
90,1602
91,1622
92,1641
93,1659
94,1678
95,1696
96,1714
97,1731
98,1749
99,1766
100,1784
101,1802
102,1819
103,1837
104,1855
105,1874
106,1893
107,1910
108,1927
109,1943
110,1960
111,1977
112,1994
113,2011
114,2027
115,2045
116,2062
117,2081
118,2101
119,2119
120,2137
121,2155
122,2174
123,2191
124,2208
125,2225
