1,18
2,36
3,54
4,72
5,89
6,107
7,124
8,142
9,159
10,177
11,195
12,212
13,230
14,248
15,266
16,284
17,301
18,318
19,335
20,352
21,369
22,386
23,403
24,420
25,436
26,453
27,470
28,487
29,504
30,522
31,540
32,558
33,576
34,593
35,610
36,628
37,646
38,664
39,681
40,698
41,716
42,734
43,752
44,770
45,788
46,805
47,823
48,839
49,857
50,874
51,890
52,907
53,924
54,941
55,957
56,974
57,991
58,1008
59,1024
60,1041
61,1057
62,1073
63,1089
64,1105
65,1121
66,1138
67,1154
68,1170
69,1187
70,1203
71,1219
72,1235
73,1251
74,1267
75,1283
76,1300
77,1317
78,1334
79,1350
80,1366
81,1382
82,1399
83,1415
84,1431
85,1447
86,1463
87,1479
88,1495
89,1511
90,1527
91,1543
92,1559
93,1575
94,1591
95,1608
96,1624
97,1640
98,1656
99,1672
100,1688
101,1704
102,1721
103,1737
104,1753
105,1769
106,1785
107,1801
108,1818
109,1834
110,1853
111,1870
112,1888
113,1906
114,1923
115,1941
116,1960
117,1978
118,1995
119,2013
120,2031
121,2048
122,2066
123,2084
124,2102
125,2119
126,2136
127,2154
128,2172
129,2190
130,2207
131,2225
132,2242
133,2261
134,2278
135,2295
136,2311
137,2329
138,2346
139,2362
140,2379
141,2396
142,2413
