1,17
2,34
3,66
4,85
5,105
6,128
7,146
8,165
9,183
10,202
11,220
12,238
13,256
14,275
15,294
16,313
17,331
18,348
19,365
20,382
21,398
22,415
23,433
24,450
25,468
26,486
27,506
28,525
29,543
30,562
31,580
32,598
33,616
34,634
35,651
36,668
37,686
38,704
39,725
40,746
41,764
42,783
43,802
44,820
45,838
46,857
47,876
48,895
49,914
50,932
51,950
52,967
53,985
54,1006
55,1026
56,1045
57,1064
58,1082
59,1101
60,1119
61,1138
62,1156
63,1174
64,1192
65,1209
66,1226
67,1243
68,1260
69,1277
70,1295
71,1312
72,1330
73,1347
74,1366
75,1386
76,1404
77,1423
78,1441
79,1460
80,1479
81,1497
82,1514
83,1532
84,1549
85,1567
86,1584
87,1603
88,1622
89,1641
90,1661
91,1680
92,1698
93,1717
94,1736
95,1754
96,1772
97,1792
98,1810
99,1827
100,1845
101,1862
102,1880
103,1899
104,1918
105,1936
106,1955
107,1974
108,1991
109,2009
110,2027
111,2044
112,2062
113,2079
114,2097
115,2114
116,2131
117,2148
118,2166
119,2184
120,2202
121,2221
122,2238
123,2255
124,2272
125,2289
126,2306
127,2324
128,2344
129,2363
130,2382
131,2400
132,2419
133,2438
134,2457
135,2476
136,2496
137,2515
138,2533
139,2551
140,2569
141,2588
142,2606
143,2625
144,2645
145,2665
146,2683
147,2702
148,2719
149,2737
150,2755
151,2773
152,2790
153,2808
154,2826
155,2843
156,2861
157,2877
