1,20
2,36
3,53
4,71
5,87
6,103
7,119
8,135
9,152
10,169
11,185
12,201
13,217
14,233
15,249
16,265
17,282
18,298
19,314
20,330
21,346
22,362
23,378
24,395
25,410
26,426
27,442
28,459
29,475
30,491
31,507
32,523
33,540
34,557
35,573
36,589
37,605
38,621
39,637
40,653
41,669
42,685
43,701
44,717
45,733
46,749
47,765
48,781
49,797
50,814
51,830
52,846
53,862
54,879
55,895
56,911
57,927
58,943
59,959
60,975
61,991
62,1007
63,1023
64,1040
65,1056
66,1072
67,1088
68,1104
69,1120
70,1137
71,1153
72,1169
73,1185
74,1201
75,1217
76,1233
77,1249
78,1265
79,1281
80,1297
81,1313
82,1330
83,1347
84,1364
85,1382
86,1398
87,1414
88,1431
89,1447
90,1463
91,1479
92,1495
93,1512
94,1529
95,1547
96,1565
97,1587
98,1603
99,1619
100,1636
101,1652
102,1668
103,1685
104,1705
105,1728
106,1749
107,1768
108,1786
109,1804
110,1824
111,1846
112,1867
113,1888
114,1907
115,1926
116,1943
117,1962
118,1979
119,1998
120,2016
121,2034
122,2052
123,2070
124,2089
125,2110
126,2129
127,2149
128,2169
129,2189
130,2210
131,2228
132,2247
133,2266
134,2284
135,2301
136,2319
137,2338
138,2356
139,2375
140,2393
141,2410
142,2427
143,2444
144,2460
145,2477
146,2494
147,2511
148,2527
149,2544
150,2561
151,2580
152,2599
153,2618
154,2636
155,2654
156,2673
157,2693
158,2712
159,2730
160,2748
161,2766
162,2784
163,2802
164,2820
165,2839
166,2857
167,2875
168,2894
169,2912
170,2931
171,2950
172,2968
173,2986
174,3004
175,3022
176,3040
177,3059
178,3078
179,3097
180,3116
181,3135
182,3152
183,3170
184,3187
185,3204
186,3222
187,3239
188,3256
189,3272
190,3289
191,3306
192,3323
193,3339
194,3356
195,3373
196,3390
197,3407
198,3424
199,3440
200,3456
201,3472
202,3488
203,3504
204,3520
205,3536
206,3552
207,3568
208,3584
209,3600
210,3620
211,3638
212,3656
213,3674
214,3691
215,3709
216,3728
217,3746
218,3764
219,3782
220,3799
221,3816
222,3833
223,3850
224,3866
225,3882
226,3899
227,3918
228,3934
229,3950
230,3967
231,3984
232,4000
233,4017
234,4034
235,4052
236,4069
237,4085
238,4102
239,4118
240,4134
241,4151
242,4168
243,4184
244,4201
245,4218
246,4234
247,4251
248,4267
249,4284
250,4301
251,4317
252,4334
253,4350
254,4367
255,4384
256,4400
257,4416
258,4433
259,4449
260,4465
261,4483
262,4500
263,4516
264,4533
265,4549
266,4565
267,4582
268,4600
269,4620
270,4640
271,4658
272,4676
273,4694
274,4713
275,4733
276,4751
277,4769
278,4787
279,4805
280,4823
281,4842
282,4860
283,4879
284,4897
285,4915
286,4934
287,4953
288,4972
289,4990
290,5008
291,5026
292,5043
293,5061
294,5077
295,5094
296,5111
297,5128
298,5144
299,5161
300,5178
301,5195
302,5212
303,5228
304,5249
305,5269
306,5288
307,5306
308,5325
309,5344
310,5365
311,5383
312,5401
313,5419
314,5439
315,5457
316,5474
317,5493
318,5511
319,5529
320,5548
321,5567
322,5587
323,5606
324,5625
325,5643
326,5661
327,5681
328,5698
329,5716
330,5732
331,5749
332,5766
333,5783
334,5799
335,5816
336,5834
337,5851
338,5868
339,5885
340,5903
341,5919
342,5935
343,5951
344,5968
345,5986
346,6003
347,6019
348,6035
349,6051
350,6067
351,6083
352,6100
353,6116
354,6132
355,6148
356,6164
357,6180
358,6196
359,6212
360,6228
361,6244
362,6260
363,6277
364,6295
365,6313
366,6331
367,6348
368,6364
369,6381
370,6397
371,6413
372,6429
373,6445
374,6461
375,6477
376,6493
377,6510
378,6527
379,6546
380,6566
381,6584
382,6602
383,6620
384,6638
385,6658
386,6676
387,6694
388,6713
389,6731
390,6750
391,6768
392,6786
393,6803
394,6822
395,6840
396,6859
397,6878
398,6896
399,6913
400,6930
401,6948
402,6965
403,6982
404,6999
405,7016
406,7032
407,7049
408,7067
409,7083
410,7100
411,7117
412,7134
413,7154
414,7173
415,7191
416,7209
417,7227
418,7246
419,7267
420,7287
421,7305
422,7323
423,7342
424,7360
425,7378
426,7396
427,7415
428,7434
429,7453
430,7471
431,7489
432,7507
433,7526
434,7542
435,7559
436,7577
437,7594
438,7611
439,7627
440,7644
441,7662
442,7680
443,7698
444,7716
445,7734
446,7752
447,7769
448,7785
449,7802
450,7819
451,7835
452,7852
453,7868
454,7884
455,7901
456,7918
457,7936
458,7954
459,7972
460,7990
461,8007
462,8024
463,8040
464,8057
465,8073
466,8089
467,8106
468,8122
469,8139
470,8156
471,8172
472,8189
473,8205
474,8222
475,8239
476,8255
477,8272
478,8289
479,8305
480,8322
481,8339
482,8356
483,8373
484,8390
485,8408
486,8425
487,8443
488,8460
489,8476
490,8493
491,8510
492,8527
493,8544
494,8561
495,8578
496,8594
497,8612
498,8631
499,8651
500,8671
501,8688
502,8706
503,8724
504,8744
505,8762
506,8780
507,8799
508,8818
509,8837
510,8855
511,8873
512,8891
513,8910
514,8927
515,8945
516,8964
517,8982
518,9001
519,9019
520,9036
521,9054
522,9071
523,9089
524,9106
525,9122
526,9139
527,9156
528,9172
529,9189
530,9207
531,9224
532,9240
533,9257
534,9276
535,9296
536,9315
537,9333
538,9351
539,9370
540,9389
541,9408
542,9427
543,9445
544,9464
545,9483
546,9501
547,9519
548,9537
549,9556
550,9574
551,9592
552,9611
553,9629
554,9648
555,9666
556,9684
557,9702
558,9720
559,9738
560,9755
561,9771
562,9788
563,9805
564,9821
565,9838
566,9855
567,9872
568,9889
569,9905
570,9921
571,9937
572,9954
573,9970
574,9986
575,10002
576,10018
577,10034
578,10050
579,10066
580,10083
581,10099
582,10115
583,10131
584,10147
585,10164
586,10180
587,10197
588,10213
589,10229
590,10245
591,10261
592,10277
593,10293
594,10309
595,10326
596,10342
597,10358
598,10374
599,10390
