1,20
2,36
3,52
4,68
5,85
6,101
7,117
8,134
9,150
10,166
11,182
12,199
13,215
14,231
15,247
16,263
17,279
18,295
19,311
20,327
21,344
22,360
23,376
24,392
25,408
26,424
27,440
28,456
29,473
30,488
31,505
32,524
33,540
34,557
35,576
36,593
37,609
38,625
39,641
40,657
41,673
42,689
43,705
44,721
45,737
46,753
47,769
48,785
49,802
50,818
51,835
52,851
53,867
54,883
55,899
56,915
57,931
58,948
59,965
60,983
61,1001
62,1017
63,1033
64,1050
65,1066
66,1083
67,1099
68,1115
69,1131
70,1147
71,1164
72,1180
73,1196
74,1212
75,1229
76,1245
77,1261
78,1277
79,1293
80,1309
81,1325
82,1341
83,1357
84,1373
85,1389
86,1405
87,1421
88,1437
89,1453
90,1469
91,1485
92,1501
93,1517
94,1533
95,1551
96,1572
97,1593
98,1612
99,1631
100,1649
101,1669
102,1689
103,1708
104,1726
105,1745
106,1762
107,1781
108,1799
109,1818
110,1836
111,1855
112,1873
113,1892
114,1913
115,1933
116,1953
117,1970
118,1988
119,2006
120,2023
121,2040
122,2057
123,2074
124,2091
125,2108
126,2124
127,2141
128,2158
129,2176
130,2196
131,2216
132,2234
133,2252
134,2271
135,2290
136,2309
137,2327
138,2345
139,2364
140,2382
141,2400
142,2419
143,2437
144,2455
145,2474
146,2492
147,2511
148,2530
149,2547
150,2565
151,2583
152,2601
153,2618
154,2634
155,2651
156,2668
157,2684
158,2701
159,2718
160,2734
161,2751
162,2771
163,2791
164,2811
165,2829
166,2847
167,2865
168,2885
169,2904
170,2922
171,2940
172,2959
173,2976
174,2995
175,3013
176,3031
177,3050
178,3069
179,3088
180,3107
181,3126
182,3144
183,3162
184,3180
185,3197
186,3214
187,3232
188,3249
189,3266
190,3282
191,3299
192,3316
193,3332
194,3349
195,3366
196,3383
197,3399
198,3416
199,3435
200,3455
201,3475
202,3493
203,3511
204,3530
205,3549
206,3568
207,3587
208,3605
209,3623
210,3641
211,3659
212,3678
213,3696
214,3714
215,3732
216,3751
217,3769
218,3788
219,3806
220,3822
221,3839
222,3856
223,3873
224,3889
225,3908
226,3924
227,3941
228,3959
229,3977
230,3995
231,4013
232,4030
233,4047
234,4063
235,4080
236,4096
237,4113
238,4132
239,4150
240,4168
241,4184
242,4201
243,4217
244,4234
245,4251
246,4268
247,4285
248,4301
249,4318
250,4334
251,4351
252,4367
253,4384
254,4401
255,4417
256,4434
257,4451
258,4468
259,4485
260,4501
261,4520
262,4537
263,4555
264,4573
265,4591
266,4609
267,4626
268,4643
269,4661
270,4679
271,4696
272,4714
273,4732
274,4749
275,4767
276,4784
277,4802
278,4819
279,4836
280,4853
281,4869
282,4886
283,4903
284,4920
285,4937
286,4954
287,4975
288,4996
289,5013
290,5032
291,5052
292,5070
293,5089
294,5106
295,5124
296,5141
297,5157
298,5173
299,5190
300,5206
301,5223
302,5239
303,5255
304,5271
305,5287
306,5303
307,5319
308,5335
309,5351
310,5367
311,5383
312,5399
313,5415
314,5432
315,5448
316,5465
317,5481
318,5497
319,5513
320,5529
321,5545
322,5562
323,5578
324,5594
325,5610
326,5626
327,5642
328,5658
329,5675
330,5691
331,5708
332,5729
333,5748
334,5766
335,5786
336,5809
337,5827
338,5844
339,5860
340,5876
341,5892
342,5908
343,5925
344,5941
345,5957
346,5973
347,5989
348,6006
349,6022
350,6039
351,6055
352,6071
353,6087
354,6103
355,6119
356,6135
357,6151
358,6168
359,6183
360,6199
361,6216
362,6231
363,6247
364,6264
365,6279
366,6296
367,6313
368,6329
369,6345
370,6361
371,6377
372,6394
373,6411
374,6431
375,6451
376,6471
377,6488
378,6506
379,6525
380,6545
381,6564
382,6583
383,6602
384,6621
385,6638
386,6657
387,6676
388,6694
389,6712
390,6730
391,6749
392,6767
393,6785
394,6803
395,6822
396,6840
397,6859
398,6877
399,6895
400,6914
401,6932
402,6951
403,6968
404,6985
405,7003
406,7021
407,7038
408,7055
409,7073
410,7091
411,7107
412,7124
413,7141
414,7159
415,7175
416,7192
417,7209
418,7226
419,7242
420,7259
421,7279
422,7299
423,7319
424,7337
425,7355
426,7374
427,7394
428,7414
429,7432
430,7450
431,7469
432,7487
433,7504
434,7523
435,7541
436,7559
437,7577
438,7596
439,7614
440,7632
441,7650
442,7669
443,7688
444,7707
445,7726
446,7745
447,7763
448,7782
449,7801
450,7819
451,7837
452,7854
453,7871
454,7889
455,7906
456,7923
457,7940
458,7956
459,7973
460,7990
461,8007
462,8024
463,8041
464,8058
465,8075
466,8092
467,8110
468,8127
469,8144
470,8160
471,8177
472,8193
473,8209
474,8226
475,8245
476,8262
477,8278
478,8295
479,8311
480,8327
481,8343
482,8360
483,8380
484,8397
485,8414
486,8431
487,8447
488,8464
489,8481
490,8498
491,8516
492,8538
493,8559
494,8578
495,8596
496,8614
497,8630
498,8647
499,8663
500,8679
501,8695
502,8711
503,8727
504,8743
505,8759
506,8776
507,8793
508,8812
509,8830
510,8848
511,8865
512,8883
513,8903
514,8922
515,8942
516,8964
517,8983
518,9003
519,9021
520,9039
521,9056
522,9074
523,9092
524,9110
525,9128
526,9146
527,9165
528,9182
529,9200
530,9218
531,9238
532,9255
533,9273
534,9292
535,9310
536,9330
537,9349
538,9368
539,9386
540,9405
541,9424
542,9443
543,9463
544,9481
545,9500
546,9518
547,9536
548,9554
549,9572
550,9590
551,9609
552,9627
553,9645
554,9663
555,9683
556,9701
557,9720
558,9739
559,9758
560,9776
561,9794
562,9811
563,9829
564,9847
565,9865
566,9882
567,9899
568,9915
569,9932
570,9949
571,9966
572,9983
573,10000
574,10017
575,10034
576,10050
577,10067
578,10088
579,10107
580,10126
581,10145
582,10163
583,10182
584,10201
585,10221
586,10241
587,10259
588,10278
589,10296
590,10315
591,10333
592,10352
593,10372
594,10390
595,10409
596,10428
597,10446
598,10465
599,10484
