1,17
2,35
3,53
4,71
5,88
6,106
7,123
8,142
9,160
10,177
11,195
12,212
13,230
14,249
15,267
16,285
17,302
18,319
19,337
20,354
21,371
22,388
23,405
24,421
25,438
26,455
27,472
28,489
29,506
30,523
31,539
32,556
33,572
34,588
35,604
36,620
37,637
38,653
39,669
40,685
41,701
42,717
43,734
44,749
45,766
46,782
47,798
48,814
49,830
50,847
51,862
52,879
53,895
54,911
55,927
56,943
57,959
58,975
59,991
60,1007
61,1024
62,1040
63,1056
64,1072
65,1088
66,1104
67,1120
68,1136
69,1153
70,1169
71,1185
72,1201
73,1217
74,1233
75,1249
76,1266
77,1282
78,1298
79,1314
80,1330
81,1346
82,1362
83,1378
84,1394
85,1412
86,1429
87,1445
88,1461
89,1477
90,1493
91,1510
92,1526
93,1542
94,1558
95,1574
96,1590
97,1606
98,1622
99,1638
100,1654
101,1670
102,1686
103,1702
104,1718
105,1734
106,1750
107,1766
108,1782
109,1798
110,1814
111,1830
112,1847
113,1863
114,1878
115,1894
116,1911
117,1927
118,1943
119,1959
120,1975
121,1991
122,2008
123,2024
124,2040
125,2056
126,2073
127,2089
128,2105
129,2122
130,2138
131,2154
132,2171
133,2186
134,2204
135,2220
136,2237
137,2253
138,2269
139,2285
140,2301
141,2317
142,2334
143,2350
144,2366
145,2382
146,2398
147,2414
148,2430
149,2446
150,2462
151,2478
152,2495
153,2511
154,2527
155,2543
156,2559
157,2575
158,2592
159,2607
160,2623
161,2639
162,2655
163,2671
164,2688
165,2704
166,2720
167,2736
168,2753
169,2769
170,2784
171,2801
172,2817
173,2833
174,2850
175,2866
176,2883
177,2902
178,2921
179,2940
180,2957
181,2975
182,2993
183,3012
184,3029
185,3048
186,3066
187,3083
188,3100
189,3118
190,3136
191,3154
192,3171
193,3189
194,3206
195,3224
196,3242
197,3260
198,3278
199,3295
200,3312
201,3329
202,3346
203,3363
204,3380
205,3397
206,3414
207,3431
208,3448
209,3466
210,3482
211,3499
212,3517
213,3535
214,3553
215,3570
216,3588
217,3606
218,3624
219,3642
220,3659
221,3677
222,3695
223,3712
224,3730
225,3748
226,3766
227,3784
228,3801
229,3819
230,3837
231,3855
232,3873
233,3890
234,3907
235,3924
236,3941
237,3958
238,3975
239,3992
240,4009
241,4026
242,4043
243,4060
244,4077
245,4094
246,4111
247,4128
248,4146
249,4163
250,4180
251,4197
252,4214
253,4231
254,4248
255,4267
256,4283
257,4300
258,4317
259,4334
260,4350
261,4366
262,4382
263,4398
264,4414
265,4430
266,4446
267,4463
268,4479
269,4495
270,4511
271,4527
272,4543
273,4559
274,4575
275,4592
276,4607
277,4623
278,4640
279,4656
280,4672
281,4689
282,4705
283,4721
284,4737
285,4753
286,4769
287,4785
288,4801
289,4817
290,4833
291,4849
292,4866
293,4882
294,4898
295,4914
296,4930
297,4946
298,4962
299,4979
300,4995
301,5011
302,5027
303,5043
304,5059
305,5076
306,5093
307,5109
308,5125
309,5141
310,5157
311,5173
312,5190
313,5206
314,5222
315,5238
316,5254
317,5270
318,5287
319,5303
320,5320
321,5336
322,5352
323,5368
324,5384
325,5400
326,5416
327,5432
328,5449
329,5465
330,5481
331,5497
332,5514
333,5530
334,5546
335,5562
336,5578
337,5594
338,5610
339,5627
340,5642
341,5658
342,5675
343,5691
344,5707
345,5724
346,5742
347,5759
348,5779
349,5799
350,5819
351,5838
352,5856
353,5874
354,5893
355,5911
356,5929
357,5947
358,5965
359,5983
360,6000
361,6017
362,6035
363,6052
364,6069
365,6087
366,6105
367,6123
368,6140
369,6158
370,6176
371,6193
372,6210
373,6227
374,6244
375,6261
