1,20
2,36
3,52
4,68
5,84
6,101
7,117
8,134
9,150
10,166
11,182
12,198
13,214
14,231
15,247
16,263
17,280
18,298
19,316
20,334
21,351
22,369
23,386
24,404
25,422
26,440
27,458
28,476
29,494
30,512
31,529
32,547
33,565
34,583
35,601
36,620
37,637
38,654
39,671
40,688
41,706
42,723
43,740
44,757
45,773
46,790
47,808
48,825
49,841
50,859
51,876
52,893
53,911
54,929
55,946
56,964
57,981
58,999
59,1017
60,1036
61,1053
62,1071
63,1089
64,1107
65,1125
66,1143
67,1160
68,1178
69,1196
70,1214
71,1231
72,1249
73,1266
74,1283
75,1300
76,1317
77,1335
78,1352
79,1368
80,1386
81,1403
82,1420
83,1437
84,1454
85,1471
86,1488
87,1504
88,1521
89,1537
90,1553
91,1570
92,1586
93,1602
94,1618
95,1635
96,1651
97,1667
98,1683
99,1699
100,1715
101,1732
