1,20
2,36
3,52
4,69
5,85
6,101
7,117
8,133
9,150
10,166
11,182
12,198
13,214
14,231
15,247
16,263
17,279
18,296
19,312
20,328
21,344
22,360
23,377
24,394
25,411
26,427
27,443
28,460
29,476
30,492
31,508
32,524
33,540
34,556
35,573
36,589
37,605
38,622
39,638
40,655
41,671
42,687
43,703
44,719
45,735
46,751
47,768
48,784
49,801
50,817
51,833
52,849
53,865
54,881
55,897
56,914
57,930
58,946
59,962
60,978
61,994
62,1010
63,1027
64,1043
65,1059
66,1075
67,1091
68,1107
69,1123
70,1139
71,1155
72,1171
73,1187
74,1203
75,1219
76,1236
77,1252
78,1268
79,1284
80,1300
81,1316
82,1332
83,1348
84,1364
85,1380
86,1397
87,1413
88,1429
89,1445
90,1461
91,1478
92,1494
93,1510
94,1526
95,1542
96,1558
97,1575
98,1591
99,1607
100,1623
101,1640
102,1656
103,1672
104,1688
105,1704
106,1721
107,1737
108,1754
109,1770
110,1786
111,1803
112,1819
113,1835
114,1851
115,1867
116,1884
117,1900
118,1916
119,1932
120,1948
121,1964
122,1981
123,1997
124,2013
125,2030
126,2046
127,2063
128,2079
129,2095
130,2111
131,2127
132,2143
133,2160
134,2176
135,2193
136,2211
137,2229
138,2247
139,2264
140,2282
141,2299
142,2317
143,2334
144,2352
145,2370
146,2388
147,2406
148,2424
149,2442
150,2460
151,2478
152,2496
153,2513
154,2531
155,2549
156,2566
157,2583
158,2600
159,2617
160,2635
161,2652
162,2669
163,2686
164,2703
165,2719
166,2736
167,2753
168,2770
169,2787
170,2804
171,2821
172,2837
173,2855
174,2874
175,2891
176,2909
177,2927
178,2944
179,2962
180,2980
181,2998
182,3016
183,3034
184,3051
185,3068
186,3086
187,3104
188,3121
189,3139
190,3156
191,3173
192,3190
193,3206
194,3223
195,3240
