1,20
2,36
3,53
4,69
5,86
6,102
7,119
8,137
9,154
10,172
11,190
12,210
13,226
14,242
15,259
16,275
17,291
18,307
19,323
20,339
21,355
22,371
23,388
24,403
25,419
26,435
27,451
28,467
29,483
30,499
31,515
32,532
33,547
34,563
35,579
36,595
37,611
38,627
39,643
40,659
41,675
42,691
43,708
44,723
45,740
46,756
47,771
48,788
49,804
50,821
51,839
52,857
53,875
54,892
55,909
56,927
57,944
58,962
59,980
60,998
61,1016
62,1034
63,1053
64,1071
65,1088
66,1107
67,1125
68,1144
69,1162
70,1179
71,1197
72,1214
73,1231
74,1248
75,1265
76,1281
77,1298
78,1315
79,1332
80,1349
81,1365
82,1382
83,1400
84,1419
85,1437
86,1454
87,1472
88,1490
89,1507
90,1525
91,1543
92,1562
93,1580
94,1597
95,1614
96,1632
97,1649
98,1667
99,1684
100,1702
101,1719
102,1736
103,1752
104,1769
105,1786
106,1803
107,1820
108,1836
109,1853
110,1870
111,1887
112,1904
113,1921
114,1937
115,1954
116,1970
117,1986
118,2002
119,2019
120,2036
121,2052
122,2069
123,2086
124,2103
125,2120
126,2138
127,2155
128,2171
129,2188
130,2204
131,2220
132,2236
133,2252
134,2268
135,2284
136,2300
137,2316
138,2332
139,2347
140,2364
141,2379
142,2395
143,2412
144,2428
145,2444
146,2460
147,2476
148,2492
149,2508
150,2524
151,2539
152,2555
153,2571
154,2587
155,2603
156,2619
157,2635
158,2651
159,2671
160,2687
161,2703
162,2719
163,2736
164,2752
165,2771
166,2788
167,2806
168,2823
169,2840
170,2858
171,2875
172,2893
173,2911
174,2929
175,2947
176,2964
177,2982
178,3000
179,3017
180,3035
181,3054
182,3072
183,3090
184,3108
185,3127
186,3145
187,3162
188,3179
189,3196
190,3213
191,3230
192,3247
193,3264
194,3281
195,3297
196,3314
197,3331
198,3348
199,3365
200,3382
201,3399
202,3416
203,3434
204,3452
205,3470
206,3488
207,3505
208,3524
209,3542
210,3559
211,3576
212,3595
213,3613
214,3632
215,3651
216,3669
217,3687
218,3705
219,3723
220,3742
221,3761
222,3780
223,3797
224,3814
225,3831
226,3848
227,3865
228,3882
229,3899
230,3916
231,3933
232,3949
233,3967
234,3984
235,4001
236,4019
237,4036
238,4055
239,4072
240,4091
241,4112
242,4129
243,4145
244,4161
245,4177
246,4193
247,4209
248,4225
249,4241
250,4258
251,4274
252,4290
253,4306
254,4322
255,4338
256,4354
257,4370
258,4386
259,4402
260,4418
261,4434
262,4450
263,4466
264,4482
265,4498
266,4514
267,4530
268,4546
269,4562
270,4578
271,4594
272,4610
273,4626
274,4642
275,4658
276,4675
277,4692
278,4710
279,4728
280,4746
281,4763
282,4781
283,4799
284,4816
285,4833
286,4851
287,4869
288,4887
289,4905
290,4922
291,4940
292,4957
293,4975
294,4992
295,5009
296,5026
297,5043
298,5060
299,5077
300,5094
301,5110
302,5127
303,5145
304,5163
305,5182
306,5200
307,5217
308,5234
309,5252
310,5271
311,5288
312,5306
313,5324
314,5342
315,5359
316,5376
317,5392
318,5409
319,5426
320,5442
321,5459
322,5476
323,5493
324,5510
325,5527
326,5543
327,5560
328,5577
329,5594
330,5610
331,5627
332,5643
333,5660
334,5676
335,5693
336,5709
337,5726
338,5743
339,5760
340,5777
341,5794
342,5811
343,5828
344,5845
345,5862
346,5879
347,5896
348,5913
349,5931
350,5950
351,5968
352,5988
353,6005
354,6023
355,6041
356,6059
357,6076
358,6094
359,6112
360,6130
361,6148
362,6166
363,6183
364,6200
365,6218
366,6236
367,6254
368,6271
369,6289
370,6306
371,6324
372,6341
373,6358
374,6376
375,6393
376,6410
377,6427
378,6444
379,6462
380,6478
381,6495
382,6513
383,6530
384,6546
385,6563
386,6580
387,6597
388,6614
389,6631
390,6648
391,6665
392,6681
393,6698
394,6715
395,6732
396,6749
397,6767
398,6785
399,6803
400,6820
401,6839
402,6856
403,6875
404,6893
405,6911
406,6929
407,6947
408,6965
409,6987
410,7007
411,7026
412,7046
413,7064
414,7083
415,7101
416,7118
417,7135
418,7152
419,7169
420,7187
421,7204
422,7221
423,7239
424,7256
425,7272
426,7289
427,7306
428,7323
429,7340
430,7357
431,7374
432,7391
433,7407
434,7424
435,7441
436,7460
437,7480
438,7500
439,7518
440,7535
441,7554
442,7574
443,7593
444,7613
445,7632
446,7649
447,7667
448,7684
449,7701
450,7719
451,7736
452,7754
453,7771
454,7788
455,7805
456,7822
457,7841
458,7863
459,7887
460,7907
461,7924
462,7943
463,7966
464,7984
465,8002
466,8020
467,8038
468,8054
469,8070
470,8086
471,8102
472,8119
473,8134
474,8151
475,8167
476,8183
477,8199
478,8215
479,8232
480,8248
481,8266
482,8287
483,8306
484,8328
485,8354
486,8372
487,8393
488,8410
489,8428
490,8445
491,8462
492,8479
493,8496
494,8512
495,8528
496,8545
497,8561
498,8577
499,8593
500,8609
501,8625
502,8642
503,8658
504,8674
505,8691
506,8708
507,8727
508,8744
509,8762
510,8779
511,8796
512,8813
513,8829
514,8848
515,8866
516,8886
517,8902
518,8919
519,8938
520,8956
521,8972
522,8989
523,9005
524,9021
525,9037
526,9053
527,9069
528,9085
529,9101
530,9117
531,9134
532,9150
533,9166
534,9182
535,9198
536,9214
537,9230
538,9247
539,9263
540,9279
541,9296
542,9311
543,9327
544,9344
545,9360
546,9376
547,9392
548,9408
549,9425
550,9441
551,9458
552,9475
553,9492
554,9510
555,9530
556,9550
557,9569
558,9587
559,9606
560,9625
561,9646
562,9664
563,9682
564,9701
565,9719
566,9739
567,9758
568,9776
569,9794
570,9812
571,9831
