1,20
2,38
3,56
4,74
5,92
6,111
7,130
8,149
9,168
10,187
11,206
12,224
13,241
14,259
15,277
16,294
17,312
18,329
19,346
20,363
21,380
22,397
23,413
24,430
25,447
26,464
27,481
28,498
29,515
30,531
31,548
32,564
33,580
34,597
35,613
36,630
37,646
38,662
39,678
40,694
41,710
42,726
43,743
44,759
45,775
46,791
47,808
48,824
49,840
50,857
51,873
52,889
53,906
54,922
55,938
56,954
57,970
58,987
59,1003
60,1022
61,1039
62,1055
63,1071
64,1088
65,1107
66,1124
67,1140
68,1157
69,1175
70,1193
71,1209
72,1226
73,1242
74,1261
75,1279
76,1295
77,1311
78,1327
79,1343
80,1360
81,1376
82,1392
83,1408
84,1424
85,1440
86,1457
87,1473
88,1489
89,1506
90,1522
91,1538
92,1554
93,1570
94,1586
95,1603
96,1619
97,1635
98,1651
99,1667
100,1684
101,1700
102,1716
103,1732
104,1748
105,1764
106,1780
107,1796
108,1812
109,1829
110,1846
111,1862
112,1878
113,1895
114,1911
115,1928
116,1944
117,1960
118,1976
119,1993
120,2009
121,2025
122,2041
123,2057
124,2074
125,2090
126,2106
127,2123
128,2139
129,2155
130,2172
131,2190
132,2207
133,2224
134,2243
135,2261
136,2278
137,2294
138,2311
139,2328
140,2345
141,2361
142,2378
143,2394
144,2410
145,2426
146,2443
147,2463
148,2483
149,2501
150,2517
151,2533
152,2549
153,2566
154,2582
155,2598
156,2614
157,2631
158,2647
159,2663
160,2681
161,2699
162,2721
163,2740
164,2761
165,2782
166,2800
167,2818
168,2837
169,2856
170,2874
171,2894
172,2913
173,2931
174,2948
175,2966
176,2983
177,3001
178,3018
179,3036
180,3053
181,3070
182,3088
183,3105
184,3123
185,3140
186,3158
187,3175
188,3193
189,3210
190,3228
191,3245
192,3262
193,3279
194,3297
195,3314
196,3332
197,3349
198,3366
199,3383
200,3400
201,3416
202,3433
203,3450
204,3467
205,3483
206,3500
207,3516
208,3533
209,3549
210,3566
211,3585
212,3603
213,3620
214,3637
215,3654
216,3672
217,3689
218,3707
219,3724
220,3742
221,3760
222,3779
223,3796
224,3813
225,3829
226,3846
227,3863
228,3879
229,3896
230,3914
231,3933
232,3950
233,3968
234,3988
235,4005
236,4022
237,4038
238,4056
239,4073
240,4091
241,4111
242,4129
243,4148
244,4166
245,4183
246,4200
247,4217
248,4234
249,4251
250,4268
251,4285
252,4302
253,4319
254,4338
255,4357
256,4376
257,4393
258,4411
259,4428
260,4446
261,4466
262,4486
263,4506
264,4523
265,4542
266,4561
267,4581
268,4600
269,4619
270,4638
271,4655
272,4672
273,4689
274,4707
275,4725
276,4743
277,4761
278,4779
279,4796
280,4815
281,4833
282,4851
283,4868
284,4885
285,4902
286,4919
287,4936
288,4953
289,4970
290,4987
291,5004
292,5021
293,5038
294,5055
295,5072
296,5089
297,5108
298,5124
299,5141
300,5157
301,5173
302,5189
303,5205
304,5222
305,5238
306,5254
307,5270
308,5287
309,5308
310,5327
311,5345
312,5364
313,5384
314,5401
315,5419
316,5437
317,5453
318,5470
319,5486
320,5502
321,5518
322,5534
323,5551
324,5567
325,5583
326,5602
327,5620
328,5636
329,5652
330,5668
331,5684
332,5701
333,5717
334,5733
335,5749
336,5765
337,5781
338,5797
339,5813
340,5830
341,5849
342,5866
343,5884
344,5902
345,5919
346,5937
347,5955
348,5973
349,5990
350,6008
351,6026
352,6043
353,6060
354,6077
355,6094
356,6111
357,6128
358,6145
359,6163
360,6181
361,6199
362,6217
363,6234
364,6251
365,6268
366,6286
367,6303
368,6320
369,6338
370,6356
371,6374
372,6391
373,6408
374,6425
375,6441
376,6458
377,6475
378,6492
379,6508
380,6524
381,6540
382,6557
383,6573
384,6592
385,6609
386,6628
387,6647
388,6665
389,6683
390,6701
391,6722
392,6740
393,6758
394,6775
395,6792
396,6809
397,6827
398,6845
399,6863
400,6881
401,6899
402,6916
403,6934
404,6952
405,6969
406,6988
407,7005
408,7023
409,7040
410,7058
411,7075
412,7092
413,7109
414,7126
415,7143
416,7161
417,7178
418,7194
419,7211
420,7228
421,7245
422,7262
423,7278
424,7297
425,7316
426,7334
427,7352
428,7369
429,7387
430,7405
431,7422
432,7440
433,7458
434,7475
435,7493
436,7511
437,7528
438,7546
439,7563
440,7581
441,7599
442,7617
443,7635
444,7653
445,7671
446,7688
447,7705
448,7722
449,7739
450,7758
451,7775
452,7791
453,7807
454,7824
455,7840
456,7856
457,7872
458,7888
459,7904
460,7920
461,7937
462,7953
463,7969
464,7985
465,8001
466,8017
467,8034
468,8051
469,8067
470,8084
471,8100
472,8116
473,8133
474,8149
475,8166
476,8183
477,8199
478,8215
479,8231
480,8247
481,8264
482,8280
483,8296
484,8313
485,8329
486,8345
