1,17
2,34
3,51
4,67
5,84
6,102
7,120
8,138
9,155
10,172
11,189
12,207
13,223
14,241
15,258
16,275
17,292
18,310
19,328
20,345
21,362
22,380
23,396
24,413
25,430
26,448
27,464
28,482
29,500
30,518
31,536
32,553
33,570
34,588
35,604
36,621
37,638
38,655
39,672
40,690
41,707
42,724
43,741
44,758
45,775
46,792
47,809
48,826
49,843
50,860
51,877
52,894
53,911
54,927
55,945
56,963
57,981
58,998
59,1016
60,1033
61,1050
62,1068
63,1085
64,1103
65,1123
66,1140
67,1159
68,1177
69,1194
70,1212
71,1229
72,1246
73,1263
74,1280
75,1297
76,1314
77,1331
78,1348
79,1365
80,1382
81,1399
82,1416
83,1433
84,1450
85,1468
86,1485
87,1503
88,1522
89,1539
90,1557
91,1575
92,1593
93,1611
94,1630
95,1650
96,1668
97,1687
98,1705
99,1725
100,1747
101,1768
102,1788
103,1808
104,1829
105,1850
106,1869
107,1890
108,1911
109,1930
110,1949
111,1968
112,1988
113,2009
114,2032
115,2054
116,2073
117,2091
118,2108
119,2126
120,2143
121,2162
122,2180
123,2198
124,2215
125,2232
126,2248
127,2265
128,2282
129,2299
130,2316
131,2337
132,2355
133,2372
134,2389
135,2407
136,2424
137,2445
138,2464
139,2483
140,2502
141,2519
142,2536
143,2554
144,2570
145,2587
146,2603
147,2619
148,2635
149,2651
150,2667
151,2684
152,2700
153,2716
154,2732
155,2749
156,2765
157,2782
158,2800
159,2819
160,2835
161,2852
162,2869
163,2888
164,2909
165,2929
166,2947
167,2965
168,2984
169,3003
170,3025
171,3044
172,3064
173,3082
174,3100
175,3118
176,3137
177,3155
178,3173
179,3191
180,3210
181,3229
182,3248
183,3267
184,3286
185,3304
186,3321
187,3339
188,3356
189,3374
190,3391
191,3407
192,3424
193,3441
194,3473
195,3491
196,3508
197,3524
198,3543
199,3564
200,3584
201,3602
202,3620
203,3638
204,3658
205,3678
206,3696
207,3715
208,3733
209,3752
210,3770
211,3788
212,3806
213,3825
214,3844
215,3862
216,3881
217,3900
218,3918
219,3937
220,3955
221,3972
222,3991
223,4010
224,4029
225,4046
226,4063
227,4080
228,4096
229,4113
230,4130
231,4147
232,4164
233,4180
234,4197
235,4214
236,4230
237,4246
238,4262
239,4278
240,4295
241,4311
242,4327
243,4344
244,4360
245,4376
246,4392
247,4408
248,4425
249,4441
250,4458
251,4474
252,4490
253,4507
254,4524
255,4540
256,4556
257,4573
258,4589
259,4606
260,4622
261,4638
262,4655
263,4672
264,4687
265,4704
266,4720
267,4736
268,4754
269,4773
270,4791
271,4808
272,4825
273,4845
274,4862
275,4879
276,4896
277,4912
278,4928
279,4945
280,4962
281,4982
282,5001
283,5018
284,5034
285,5050
286,5066
287,5082
288,5098
289,5114
290,5131
291,5149
292,5166
293,5182
294,5198
295,5214
296,5230
297,5246
298,5262
299,5278
300,5295
301,5311
302,5327
303,5343
304,5359
305,5375
306,5391
307,5407
308,5424
309,5440
310,5456
311,5472
312,5488
313,5504
314,5520
315,5536
316,5552
317,5568
318,5584
319,5600
320,5617
321,5633
322,5649
323,5667
324,5684
325,5701
326,5717
327,5733
328,5750
329,5766
330,5782
331,5798
332,5814
333,5830
334,5846
335,5862
336,5878
337,5895
338,5911
339,5927
340,5946
341,5964
342,5980
343,5997
344,6013
345,6029
346,6045
347,6061
348,6077
349,6093
350,6110
351,6126
352,6142
353,6158
354,6174
355,6190
356,6206
357,6222
358,6238
359,6255
360,6271
361,6287
362,6303
363,6319
364,6335
365,6351
366,6367
367,6383
368,6399
369,6415
370,6432
371,6448
372,6464
373,6482
374,6498
375,6515
376,6531
377,6547
378,6564
379,6580
380,6596
381,6612
382,6628
383,6644
384,6661
385,6677
386,6694
387,6711
388,6727
389,6743
390,6760
391,6778
392,6795
393,6812
394,6828
395,6845
396,6862
397,6878
398,6896
399,6914
400,6932
401,6949
402,6966
403,6984
404,7001
405,7019
406,7037
407,7053
408,7070
409,7089
410,7106
411,7123
412,7139
413,7155
414,7171
415,7187
416,7203
417,7219
418,7235
419,7252
420,7268
421,7284
422,7300
423,7316
424,7332
425,7349
426,7365
427,7382
428,7398
429,7414
430,7430
431,7446
432,7462
433,7478
434,7494
435,7511
436,7527
437,7543
438,7559
439,7575
440,7591
441,7607
442,7623
443,7639
444,7655
445,7671
446,7688
447,7706
448,7722
449,7738
450,7754
451,7771
452,7787
453,7803
454,7819
455,7838
456,7858
457,7876
458,7894
459,7911
460,7929
461,7950
462,7968
463,7989
464,8012
465,8030
466,8048
467,8066
468,8083
469,8100
470,8117
471,8134
472,8151
473,8170
474,8190
475,8210
476,8227
477,8245
478,8262
479,8281
480,8299
481,8317
482,8333
483,8350
484,8366
485,8382
486,8399
487,8417
488,8433
489,8449
490,8465
491,8481
492,8497
493,8514
494,8532
495,8549
496,8567
497,8584
498,8600
499,8617
500,8634
501,8650
502,8667
503,8683
504,8699
505,8715
506,8733
507,8749
508,8765
509,8781
510,8797
511,8814
512,8833
513,8852
514,8871
515,8888
516,8906
517,8923
518,8939
519,8956
520,8972
521,8989
522,9005
523,9021
524,9037
525,9053
526,9070
527,9086
528,9102
529,9118
530,9135
531,9152
532,9168
533,9185
534,9201
535,9217
536,9234
537,9250
538,9267
539,9283
540,9299
541,9317
542,9333
543,9350
544,9366
545,9382
546,9399
547,9417
548,9436
549,9453
550,9471
551,9487
552,9504
553,9520
554,9538
555,9555
556,9572
557,9589
558,9606
559,9624
560,9641
561,9660
562,9682
563,9704
564,9723
565,9742
566,9761
567,9783
568,9805
569,9827
570,9848
571,9869
572,9888
573,9907
574,9926
575,9945
576,9964
577,9985
578,10004
579,10023
580,10042
581,10062
582,10082
583,10102
584,10122
585,10141
586,10160
587,10181
588,10201
589,10221
590,10241
591,10261
592,10282
593,10302
594,10320
595,10338
596,10356
597,10374
598,10393
599,10411
