1,20
2,36
3,52
4,68
5,84
6,101
7,117
8,133
9,149
10,165
11,182
12,198
13,214
14,230
15,247
16,263
17,280
18,296
19,312
20,329
21,346
22,362
23,378
24,394
25,410
26,426
27,442
28,459
29,476
30,493
31,509
32,525
33,542
34,559
35,575
36,591
37,608
38,624
39,640
40,656
41,673
42,689
43,705
44,722
45,738
46,754
47,770
48,787
49,803
50,819
51,835
52,852
53,868
54,884
55,900
56,917
57,933
58,950
59,966
60,983
61,999
62,1015
63,1032
64,1048
65,1064
66,1080
67,1096
68,1112
69,1129
70,1146
71,1163
72,1179
73,1196
74,1212
75,1228
76,1244
77,1260
78,1277
79,1293
80,1309
81,1325
82,1342
83,1358
84,1374
85,1390
86,1406
87,1423
88,1439
89,1455
90,1471
91,1487
92,1504
93,1520
94,1537
95,1553
96,1569
97,1585
98,1601
99,1617
100,1633
101,1650
102,1666
103,1682
104,1698
105,1714
106,1731
107,1746
108,1763
109,1783
110,1799
111,1815
112,1831
113,1848
114,1864
115,1880
116,1896
117,1912
118,1928
119,1944
120,1961
121,1977
122,1993
123,2009
124,2025
125,2041
126,2058
127,2075
128,2095
129,2115
130,2134
131,2153
132,2171
133,2190
134,2210
135,2229
136,2248
137,2267
138,2286
139,2304
140,2323
141,2341
142,2359
143,2377
144,2396
145,2415
146,2433
147,2452
148,2471
149,2489
150,2507
151,2524
152,2542
153,2559
154,2576
155,2593
156,2610
157,2626
158,2643
159,2660
160,2677
161,2694
162,2711
163,2729
164,2749
165,2769
166,2787
167,2806
168,2824
169,2843
170,2863
171,2881
172,2900
173,2918
174,2937
175,2955
176,2973
177,2992
