1,18
2,34
3,50
4,67
5,83
6,99
7,115
8,131
9,151
10,168
11,184
12,200
13,216
14,232
15,249
16,265
17,281
18,297
19,313
20,329
21,345
22,362
23,378
24,394
25,410
26,427
27,443
28,459
29,475
30,492
31,508
32,524
33,540
34,556
35,572
36,588
37,605
38,623
39,641
40,662
41,683
42,702
43,723
44,742
45,765
46,804
47,835
48,865
49,885
50,903
51,921
52,939
53,959
54,977
55,995
56,1014
57,1032
58,1052
59,1070
60,1089
61,1107
62,1126
63,1145
64,1165
65,1184
66,1203
67,1222
68,1240
69,1257
70,1273
71,1291
72,1308
73,1326
74,1343
75,1359
76,1376
77,1393
78,1410
79,1426
80,1443
81,1460
82,1476
83,1493
84,1510
85,1529
86,1549
87,1569
88,1587
89,1605
90,1623
91,1643
92,1663
93,1681
94,1699
95,1718
96,1738
97,1759
98,1780
99,1802
100,1821
101,1841
102,1861
103,1881
104,1900
105,1921
106,1942
107,1962
108,1982
109,2002
110,2022
111,2042
112,2062
113,2082
114,2102
115,2123
116,2143
117,2160
118,2178
119,2195
120,2212
121,2231
122,2249
123,2266
124,2284
125,2303
126,2321
127,2341
128,2361
129,2380
130,2398
131,2415
132,2432
133,2449
134,2465
135,2482
136,2498
137,2515
138,2531
139,2548
140,2564
141,2581
142,2597
143,2614
144,2630
145,2647
146,2663
147,2680
148,2697
149,2713
150,2731
151,2750
152,2767
153,2785
154,2804
155,2822
156,2840
157,2858
158,2876
159,2893
160,2910
161,2929
162,2947
163,2964
164,2982
165,2999
166,3019
167,3038
168,3056
169,3074
170,3092
171,3110
172,3129
173,3148
174,3167
175,3184
176,3201
177,3218
178,3236
179,3252
180,3269
181,3289
182,3310
183,3328
184,3346
185,3363
186,3380
187,3397
188,3414
189,3431
190,3447
191,3463
192,3479
193,3497
194,3513
195,3530
196,3549
197,3569
198,3588
199,3607
200,3625
201,3643
202,3663
203,3684
204,3706
205,3726
206,3746
207,3767
208,3787
209,3808
210,3828
211,3848
212,3867
213,3886
214,3907
215,3929
216,3948
217,3967
218,3988
219,4009
220,4029
221,4050
222,4069
223,4087
224,4106
225,4124
226,4142
227,4160
228,4177
229,4194
230,4211
231,4228
232,4246
233,4263
234,4281
235,4299
236,4320
237,4337
238,4357
239,4374
240,4395
241,4415
242,4435
243,4454
244,4472
245,4490
246,4510
247,4529
248,4548
249,4566
250,4585
251,4603
252,4622
253,4640
254,4659
255,4676
256,4695
257,4714
258,4732
259,4750
260,4768
261,4787
262,4805
263,4823
264,4842
265,4860
266,4878
267,4895
268,4913
269,4930
270,4948
271,4964
272,4981
273,4998
274,5015
275,5032
276,5049
277,5065
278,5082
279,5099
280,5116
281,5133
282,5149
283,5165
284,5183
285,5199
286,5215
287,5231
288,5247
289,5263
290,5280
291,5297
292,5314
293,5331
294,5347
295,5363
296,5379
297,5395
298,5413
299,5429
300,5445
301,5461
302,5477
303,5493
304,5510
305,5526
306,5542
307,5558
308,5574
309,5590
310,5606
311,5622
312,5638
313,5654
314,5671
315,5687
316,5703
317,5720
318,5736
319,5752
320,5768
321,5787
322,5803
323,5820
324,5836
325,5853
326,5869
327,5886
328,5903
329,5920
330,5936
331,5953
332,5970
333,5986
334,6002
335,6018
336,6035
337,6051
338,6068
339,6084
340,6101
341,6117
342,6133
343,6149
344,6165
345,6182
346,6199
347,6215
348,6231
349,6250
350,6268
351,6285
352,6302
353,6319
354,6335
355,6352
356,6368
357,6385
358,6401
359,6418
360,6435
361,6453
362,6486
363,6513
364,6536
365,6554
366,6581
367,6604
368,6625
369,6643
370,6662
371,6680
372,6698
373,6717
374,6736
375,6755
376,6775
377,6794
378,6814
379,6833
380,6851
381,6869
382,6887
383,6904
384,6921
385,6938
386,6955
387,6972
388,6988
389,7006
390,7023
391,7040
392,7060
393,7080
394,7099
395,7117
396,7136
397,7154
398,7175
399,7193
400,7212
401,7232
402,7253
403,7273
404,7291
405,7310
406,7328
407,7347
408,7365
409,7384
410,7403
411,7421
412,7439
413,7457
414,7475
415,7492
416,7509
417,7526
418,7543
419,7560
420,7576
421,7593
422,7610
423,7627
424,7643
425,7662
426,7680
427,7697
428,7712
429,7729
430,7745
431,7762
432,7779
433,7795
434,7812
435,7828
436,7845
437,7861
438,7877
439,7894
440,7910
441,7926
442,7943
443,7959
444,7976
445,7992
446,8008
447,8025
448,8041
449,8058
450,8074
451,8090
452,8107
453,8123
454,8140
455,8156
456,8172
457,8188
458,8206
459,8224
460,8241
461,8258
462,8275
463,8291
464,8308
465,8324
466,8340
467,8356
468,8373
469,8391
470,8411
471,8432
472,8450
473,8468
474,8487
475,8506
476,8526
477,8544
478,8562
479,8582
480,8600
481,8619
482,8637
483,8656
484,8675
485,8693
486,8712
487,8731
488,8751
489,8770
490,8789
491,8807
492,8824
493,8842
494,8859
495,8877
496,8894
497,8910
498,8927
499,8944
500,8961
501,8978
502,8995
503,9012
504,9029
505,9047
506,9068
507,9088
508,9106
509,9125
510,9144
511,9163
512,9184
513,9204
514,9224
515,9242
516,9261
517,9280
518,9299
519,9317
520,9335
521,9354
522,9373
523,9392
524,9411
525,9430
526,9448
527,9467
528,9485
529,9502
530,9520
531,9537
532,9554
533,9571
534,9588
535,9605
536,9622
537,9639
538,9656
539,9673
540,9690
541,9706
542,9723
543,9741
544,9757
545,9775
546,9792
547,9808
548,9824
549,9840
550,9856
551,9872
552,9888
553,9904
554,9920
555,9936
556,9952
557,9972
558,9988
559,10004
560,10020
561,10037
562,10053
563,10069
564,10085
565,10101
566,10117
567,10134
568,10155
569,10172
570,10189
571,10205
572,10221
573,10237
574,10253
575,10270
576,10285
577,10304
578,10320
579,10336
580,10352
581,10368
582,10384
583,10400
584,10416
585,10432
586,10448
587,10465
588,10481
589,10497
590,10513
591,10529
592,10546
593,10562
594,10578
595,10594
596,10610
597,10626
598,10642
599,10659
