1,18
2,36
3,54
4,71
5,89
6,106
7,123
8,140
9,157
10,174
11,190
12,207
13,225
14,242
15,259
16,275
17,292
18,312
19,328
20,344
21,361
22,377
23,394
24,410
25,427
26,443
27,460
28,476
29,492
30,508
31,524
32,541
33,557
34,574
35,590
36,606
37,622
38,639
39,655
40,671
41,687
42,703
43,720
44,736
45,752
46,768
47,786
48,803
49,822
50,838
51,854
52,871
53,888
54,904
55,921
56,937
57,953
58,969
59,985
60,1002
61,1018
62,1035
63,1051
64,1068
65,1084
66,1100
67,1117
68,1133
69,1149
70,1166
71,1182
72,1199
73,1215
74,1231
75,1247
76,1264
77,1280
78,1297
79,1314
80,1330
81,1346
82,1362
83,1379
84,1395
85,1411
86,1427
87,1444
88,1461
89,1477
90,1494
91,1510
92,1526
93,1543
