1,21
2,39
3,57
4,75
5,94
6,111
7,130
8,150
9,167
10,183
11,200
12,216
13,232
14,249
15,265
16,281
17,297
18,314
19,330
20,346
21,362
22,379
23,395
24,411
25,427
26,443
27,459
28,475
29,491
30,507
31,523
32,539
33,555
34,571
35,587
36,603
37,623
38,642
39,665
40,683
41,701
42,719
43,737
44,756
45,779
46,798
47,817
48,834
49,852
50,869
51,887
52,905
53,922
54,940
55,957
56,974
57,991
58,1008
59,1025
60,1043
61,1059
62,1075
63,1091
64,1108
65,1124
66,1140
67,1156
68,1173
69,1189
70,1205
71,1222
72,1238
73,1254
74,1270
75,1291
76,1309
77,1328
78,1345
79,1361
80,1380
81,1397
82,1414
83,1430
84,1446
85,1462
86,1478
87,1495
88,1511
89,1527
90,1544
91,1560
92,1576
93,1592
94,1609
95,1625
96,1641
97,1659
98,1675
99,1692
100,1709
101,1725
102,1741
103,1757
104,1774
105,1790
106,1810
107,1828
108,1845
109,1863
110,1879
111,1896
112,1912
113,1929
114,1946
115,1964
116,1982
117,1999
118,2016
119,2033
120,2050
121,2067
122,2083
123,2100
124,2116
125,2134
126,2152
127,2169
128,2186
129,2202
130,2218
131,2235
132,2251
133,2268
134,2287
135,2307
136,2323
137,2340
138,2357
139,2374
140,2393
141,2413
142,2432
143,2450
144,2469
145,2487
146,2506
147,2527
148,2545
149,2563
150,2582
151,2601
152,2620
153,2640
154,2661
155,2681
156,2701
157,2722
158,2742
159,2761
160,2780
161,2801
162,2819
163,2838
164,2857
165,2876
166,2894
167,2912
168,2929
169,2946
170,2964
171,2980
172,2997
173,3014
174,3031
175,3047
176,3064
177,3081
178,3098
179,3115
180,3132
181,3152
182,3171
183,3191
184,3209
185,3227
186,3246
187,3266
188,3286
189,3304
190,3322
191,3340
192,3359
193,3377
