1,20
2,36
3,52
4,68
5,84
6,101
7,117
8,134
9,150
10,166
11,182
12,199
13,215
14,231
15,248
16,264
17,280
18,297
19,313
20,329
21,346
22,362
23,378
24,394
25,410
26,427
27,443
28,459
29,476
30,492
31,508
32,524
33,540
34,557
35,574
36,590
37,607
38,623
39,639
40,655
41,671
42,688
43,704
44,720
45,736
46,752
47,768
48,784
49,801
50,817
51,836
52,852
53,869
54,885
55,901
56,917
57,934
58,950
59,966
60,982
61,998
62,1014
63,1030
64,1047
65,1063
66,1080
67,1097
68,1113
69,1129
70,1146
71,1162
72,1178
73,1194
74,1210
75,1226
76,1242
77,1259
78,1276
79,1292
80,1308
81,1324
82,1340
83,1356
84,1373
85,1389
86,1405
87,1421
88,1437
89,1454
90,1474
91,1491
92,1507
93,1524
94,1540
95,1556
96,1573
97,1589
98,1605
99,1621
100,1637
101,1653
102,1670
103,1686
104,1703
105,1719
106,1735
107,1751
108,1768
109,1785
110,1802
111,1818
112,1835
113,1853
114,1870
115,1887
116,1903
117,1922
118,1939
119,1955
120,1974
121,1992
122,2008
123,2024
124,2041
125,2057
126,2074
127,2090
128,2106
129,2123
130,2139
131,2155
132,2171
133,2187
134,2206
135,2223
136,2240
137,2256
138,2272
139,2289
140,2305
141,2322
142,2338
143,2354
144,2371
145,2387
146,2404
147,2423
148,2439
149,2457
150,2473
151,2490
152,2506
153,2522
154,2538
155,2555
156,2571
157,2587
158,2603
159,2620
160,2636
161,2652
162,2669
163,2685
164,2702
165,2718
166,2734
167,2751
168,2767
169,2783
170,2801
171,2819
172,2835
173,2852
174,2868
175,2884
176,2900
177,2917
178,2937
179,2954
180,2970
181,2986
182,3003
183,3019
184,3038
185,3055
186,3071
187,3088
188,3104
189,3121
190,3140
191,3157
192,3174
193,3190
194,3207
195,3223
196,3239
197,3255
198,3272
199,3288
200,3304
201,3321
202,3337
203,3354
204,3370
205,3386
206,3405
207,3423
208,3441
209,3460
210,3481
211,3499
212,3518
213,3537
214,3557
215,3576
216,3595
217,3613
218,3632
219,3651
220,3669
221,3687
222,3705
223,3724
224,3742
225,3761
226,3780
227,3799
228,3817
229,3836
230,3855
231,3873
232,3890
233,3908
234,3925
235,3942
236,3959
237,3976
238,3993
239,4010
240,4027
241,4043
242,4060
243,4079
244,4100
245,4120
246,4138
247,4157
248,4175
249,4195
250,4214
251,4233
252,4251
253,4270
254,4288
255,4306
