1,17
2,35
3,54
4,72
5,90
6,108
7,125
8,143
9,161
10,178
11,196
12,213
13,230
14,247
15,264
16,282
17,299
18,317
19,335
20,353
21,370
22,388
23,406
24,424
25,442
26,459
27,476
28,494
29,511
30,528
31,545
32,562
33,579
34,596
35,613
36,630
37,647
38,665
39,683
40,700
41,719
42,736
43,754
44,771
45,788
46,806
47,823
48,840
49,858
50,875
51,892
52,909
53,926
54,943
55,961
56,978
57,996
58,1013
59,1031
60,1048
61,1065
62,1082
63,1099
64,1116
65,1133
66,1152
67,1171
68,1187
69,1204
70,1221
71,1237
72,1253
73,1271
74,1287
75,1304
76,1320
77,1336
78,1353
79,1370
80,1386
81,1403
82,1419
83,1435
84,1451
85,1467
86,1483
87,1499
88,1515
89,1532
90,1549
91,1565
92,1581
93,1599
94,1616
95,1632
96,1649
97,1665
98,1681
99,1697
100,1713
101,1729
102,1745
103,1761
104,1777
105,1793
106,1809
107,1825
108,1841
109,1857
110,1873
111,1889
112,1905
113,1921
114,1937
115,1953
116,1969
117,1985
118,2005
119,2021
120,2038
121,2054
122,2070
123,2086
124,2102
125,2118
126,2134
127,2150
128,2166
129,2182
130,2198
131,2214
132,2230
133,2247
134,2262
135,2279
136,2295
137,2311
138,2327
139,2343
140,2359
141,2375
142,2393
143,2409
144,2425
145,2441
146,2458
147,2475
148,2491
149,2508
150,2524
151,2541
152,2557
153,2573
154,2589
155,2605
156,2621
157,2637
158,2653
159,2669
160,2685
161,2702
162,2717
163,2734
164,2750
165,2766
166,2782
167,2798
168,2814
169,2830
170,2846
171,2862
172,2878
173,2894
174,2910
175,2927
176,2943
177,2959
178,2975
179,2991
180,3007
181,3023
182,3039
183,3055
184,3071
185,3088
186,3104
187,3121
188,3139
189,3157
190,3175
191,3193
192,3210
193,3228
194,3246
195,3263
196,3281
197,3299
198,3316
199,3333
200,3351
201,3369
202,3387
203,3405
204,3422
205,3439
206,3456
207,3473
208,3490
209,3507
210,3524
211,3540
212,3557
213,3574
214,3591
215,3608
216,3625
217,3644
218,3662
219,3680
220,3698
221,3715
222,3733
223,3751
224,3769
225,3786
226,3804
227,3821
228,3838
229,3856
230,3873
231,3891
232,3909
233,3927
234,3944
235,3961
236,3978
237,3996
238,4013
239,4029
240,4046
241,4063
242,4080
243,4097
244,4114
245,4131
246,4148
247,4165
248,4184
249,4202
250,4220
251,4237
252,4254
253,4272
254,4290
255,4309
256,4326
257,4344
258,4361
259,4378
260,4397
261,4414
262,4432
263,4449
264,4467
265,4485
266,4502
267,4520
268,4538
269,4556
