1,18
2,35
3,53
4,71
5,88
6,105
7,123
8,140
9,157
10,174
11,193
12,210
13,228
14,245
15,262
16,279
17,296
18,314
19,331
20,349
21,366
22,383
23,400
24,418
25,434
26,451
27,468
28,485
29,502
30,519
31,536
32,553
33,569
34,586
35,603
36,619
37,636
38,652
39,668
40,685
41,702
42,718
43,735
44,752
45,769
46,785
47,802
48,819
49,836
50,852
51,870
52,886
53,904
54,921
55,938
56,955
57,972
58,989
59,1006
60,1023
61,1041
62,1058
63,1075
64,1092
65,1109
66,1126
67,1142
68,1160
69,1177
70,1194
71,1211
72,1228
73,1245
74,1262
75,1279
76,1296
77,1313
78,1330
79,1347
80,1364
81,1381
82,1397
83,1415
84,1431
85,1448
86,1465
87,1482
88,1499
89,1515
90,1532
91,1549
92,1566
93,1584
94,1601
95,1618
96,1635
97,1652
98,1669
99,1687
100,1705
101,1723
102,1741
103,1758
104,1775
105,1793
106,1811
107,1829
108,1846
109,1864
110,1882
111,1899
112,1916
113,1934
114,1951
115,1969
116,1987
117,2004
118,2021
119,2039
120,2057
121,2075
122,2093
123,2110
124,2128
125,2146
126,2164
127,2181
128,2198
129,2216
130,2233
131,2250
132,2267
133,2284
134,2301
135,2317
136,2335
137,2353
138,2372
139,2390
140,2407
141,2425
142,2442
143,2459
144,2477
145,2495
146,2513
147,2530
148,2547
149,2564
150,2581
151,2598
152,2615
153,2633
154,2650
155,2667
156,2685
157,2702
158,2720
159,2738
160,2755
161,2772
162,2789
163,2806
164,2823
165,2840
166,2857
167,2875
168,2892
169,2909
170,2926
171,2943
172,2960
173,2978
174,2995
175,3012
176,3030
177,3050
178,3068
179,3085
180,3102
181,3121
182,3139
183,3157
184,3174
185,3192
186,3210
187,3227
188,3244
189,3262
190,3280
191,3297
192,3315
193,3332
194,3349
195,3366
196,3383
197,3401
198,3418
199,3435
200,3452
201,3469
202,3486
203,3503
204,3520
205,3537
206,3554
207,3571
208,3588
209,3605
210,3622
211,3639
212,3656
213,3673
214,3691
215,3709
216,3726
217,3745
218,3763
219,3780
220,3798
221,3814
222,3832
223,3850
224,3868
225,3885
226,3903
227,3920
228,3938
229,3955
230,3973
231,3990
232,4007
233,4024
234,4041
235,4058
236,4075
237,4092
238,4109
239,4126
240,4143
241,4160
242,4178
243,4195
244,4212
245,4229
246,4246
247,4265
248,4283
249,4302
250,4319
251,4338
252,4356
253,4373
254,4391
255,4408
256,4427
257,4445
258,4463
259,4482
260,4501
261,4518
262,4535
263,4552
264,4569
265,4587
266,4604
267,4620
268,4637
269,4654
270,4671
271,4688
272,4707
273,4726
274,4744
275,4764
276,4782
277,4801
278,4820
279,4839
280,4856
281,4873
282,4890
283,4908
284,4925
285,4942
286,4959
287,4976
288,4994
289,5011
290,5032
291,5050
292,5069
293,5087
294,5104
295,5121
296,5138
297,5155
298,5173
299,5190
300,5208
301,5226
302,5243
303,5261
304,5279
305,5297
306,5314
307,5333
308,5350
309,5368
310,5385
311,5403
312,5419
313,5436
314,5454
315,5471
316,5488
317,5505
318,5522
319,5539
320,5557
321,5574
322,5591
323,5608
324,5626
325,5645
326,5662
327,5679
328,5695
329,5712
330,5729
331,5746
332,5762
333,5779
334,5796
335,5812
336,5829
337,5848
338,5866
339,5884
340,5901
341,5920
342,5938
343,5955
344,5973
345,5992
346,6010
347,6027
348,6046
349,6064
350,6081
351,6098
352,6114
353,6130
354,6147
355,6164
356,6180
357,6197
358,6213
359,6230
360,6246
361,6265
362,6283
363,6300
364,6318
365,6336
366,6353
367,6370
368,6387
369,6405
370,6422
371,6439
372,6457
373,6474
374,6491
375,6508
376,6525
377,6543
378,6561
379,6579
380,6597
381,6614
382,6631
383,6648
384,6665
385,6682
386,6700
387,6719
388,6737
389,6754
390,6771
391,6789
392,6807
393,6825
394,6843
395,6862
396,6880
397,6898
398,6916
399,6934
400,6951
401,6969
402,6986
403,7004
404,7021
405,7039
406,7057
407,7074
408,7092
409,7109
410,7126
411,7143
412,7160
413,7177
414,7195
415,7212
416,7229
417,7246
418,7263
419,7280
420,7297
421,7314
422,7331
423,7349
424,7366
425,7382
426,7399
427,7416
428,7437
429,7454
430,7472
431,7490
432,7507
433,7523
434,7540
435,7557
436,7573
437,7589
438,7605
439,7622
440,7638
441,7654
442,7670
443,7687
444,7703
445,7722
446,7740
447,7757
448,7773
449,7789
450,7805
451,7821
452,7837
453,7853
454,7869
455,7885
456,7901
457,7917
458,7933
459,7949
460,7965
461,7981
462,7997
463,8013
464,8029
465,8045
466,8061
467,8077
468,8093
469,8109
470,8125
471,8142
472,8157
473,8173
474,8190
475,8206
476,8222
477,8239
478,8255
479,8271
480,8286
481,8303
482,8319
483,8335
484,8351
485,8367
486,8383
487,8399
488,8415
489,8433
490,8449
491,8465
492,8481
493,8497
494,8513
495,8529
496,8545
497,8561
498,8577
499,8594
500,8611
501,8627
502,8643
503,8660
504,8676
505,8692
506,8708
507,8724
508,8740
509,8757
510,8773
511,8789
512,8805
513,8821
514,8837
515,8853
516,8869
517,8885
518,8901
519,8917
520,8933
521,8949
522,8965
523,8981
524,8997
525,9013
526,9030
527,9046
528,9063
529,9091
530,9108
531,9125
532,9142
533,9159
534,9177
535,9195
536,9212
537,9228
538,9244
539,9261
540,9277
541,9293
542,9309
543,9325
544,9341
545,9357
546,9373
547,9389
548,9405
