1,18
2,37
3,69
4,103
5,132
6,151
7,168
8,185
9,204
10,222
11,243
12,262
13,280
14,299
15,318
16,336
17,354
18,372
19,390
20,407
21,425
22,442
23,459
24,477
25,496
26,515
27,534
28,553
29,570
30,588
31,605
32,622
33,639
34,656
35,673
36,691
37,709
38,727
39,744
40,760
41,777
42,794
43,811
44,827
45,843
46,859
47,877
48,899
49,917
50,937
51,954
52,972
53,995
54,1013
55,1031
56,1052
57,1072
58,1091
59,1108
60,1125
61,1145
62,1162
63,1179
64,1195
65,1211
66,1227
67,1244
68,1260
69,1276
70,1294
71,1310
72,1327
73,1345
74,1362
75,1380
76,1398
77,1415
78,1431
79,1447
80,1464
81,1481
82,1498
83,1514
84,1530
85,1546
86,1562
87,1578
88,1594
89,1610
90,1627
91,1643
92,1659
93,1675
94,1692
95,1708
96,1724
97,1740
98,1757
99,1773
100,1789
101,1805
102,1821
103,1837
104,1853
105,1869
106,1885
107,1902
108,1918
109,1935
110,1958
111,1978
112,1997
113,2015
114,2031
115,2047
116,2063
117,2079
118,2095
119,2112
120,2128
121,2144
122,2160
123,2176
124,2192
125,2208
126,2224
127,2241
128,2256
129,2272
130,2289
131,2305
132,2321
133,2337
134,2353
135,2369
136,2385
137,2402
138,2418
139,2434
140,2450
141,2466
142,2482
143,2499
144,2515
145,2531
146,2547
147,2564
148,2580
149,2596
150,2612
151,2628
152,2645
153,2661
154,2678
155,2694
156,2712
157,2731
158,2751
159,2770
160,2789
161,2809
162,2828
163,2846
164,2865
165,2884
166,2903
167,2921
168,2938
169,2955
170,2973
171,2993
172,3011
173,3029
174,3048
175,3067
176,3087
177,3106
178,3124
179,3143
180,3160
181,3177
182,3194
183,3210
184,3227
185,3243
186,3259
187,3276
188,3292
189,3308
190,3324
191,3340
192,3356
193,3372
194,3388
195,3404
196,3420
197,3436
198,3452
199,3468
200,3485
201,3501
202,3517
203,3533
204,3549
205,3565
206,3582
207,3598
208,3614
209,3632
210,3649
211,3667
212,3687
213,3707
214,3726
215,3744
216,3762
217,3781
218,3800
219,3819
220,3840
221,3860
222,3878
223,3897
224,3914
225,3933
226,3951
227,3969
228,3987
229,4006
230,4024
231,4043
232,4061
233,4079
234,4096
235,4114
236,4131
237,4148
238,4164
239,4181
240,4198
241,4215
242,4232
243,4249
244,4266
245,4283
246,4302
247,4323
248,4342
249,4360
250,4380
251,4398
252,4417
253,4437
