1,20
2,37
3,53
4,69
5,86
6,103
7,123
8,144
9,163
10,183
11,201
12,220
13,241
14,261
15,280
16,299
17,318
18,338
19,357
20,375
21,394
22,413
23,432
24,451
25,470
26,489
27,508
28,527
29,547
30,566
31,584
32,602
33,620
34,637
35,655
36,673
37,691
38,708
39,725
40,742
41,758
42,775
43,792
44,808
45,825
46,842
47,859
48,877
49,893
50,914
51,934
52,952
53,970
54,988
55,1007
56,1027
57,1046
58,1065
59,1084
60,1104
61,1123
62,1141
63,1160
64,1178
65,1196
66,1215
67,1233
68,1252
69,1270
70,1291
71,1310
72,1329
73,1348
74,1367
75,1385
76,1403
77,1421
78,1439
79,1456
80,1474
81,1491
82,1509
83,1527
84,1544
85,1564
86,1584
87,1603
88,1622
89,1640
90,1658
91,1677
92,1695
93,1713
94,1731
95,1748
96,1765
97,1782
98,1799
99,1817
100,1834
101,1852
102,1872
103,1890
104,1909
105,1927
106,1946
107,1964
108,1981
109,1999
110,2016
111,2034
112,2051
113,2069
114,2086
115,2103
116,2120
117,2137
118,2153
119,2170
120,2187
121,2203
122,2220
123,2236
124,2254
125,2271
126,2288
127,2305
128,2323
129,2340
130,2357
131,2374
132,2391
133,2407
134,2424
135,2441
136,2458
137,2474
138,2491
139,2508
140,2524
141,2541
142,2557
143,2573
144,2590
145,2607
146,2623
147,2640
148,2657
149,2673
150,2690
151,2706
152,2723
153,2739
154,2758
155,2775
156,2792
157,2808
158,2825
159,2842
160,2859
161,2876
162,2893
163,2910
164,2927
165,2944
166,2962
167,2980
168,2998
169,3015
170,3033
171,3050
172,3067
173,3084
174,3101
175,3118
176,3135
177,3152
178,3169
179,3186
180,3207
181,3227
182,3246
183,3265
184,3285
185,3304
186,3326
187,3346
188,3364
189,3383
190,3401
191,3420
192,3438
193,3457
194,3475
195,3493
196,3513
197,3531
198,3550
199,3569
200,3587
201,3606
202,3624
203,3643
204,3661
205,3680
206,3699
207,3718
208,3736
209,3755
210,3773
211,3794
212,3813
213,3831
214,3849
215,3868
216,3887
217,3905
218,3923
219,3941
220,3959
221,3976
222,3993
223,4010
224,4027
225,4044
226,4061
227,4078
228,4095
229,4113
230,4130
231,4148
232,4166
233,4183
234,4200
235,4219
236,4237
237,4255
238,4273
239,4291
240,4309
241,4326
242,4342
243,4359
244,4377
245,4397
246,4418
247,4436
248,4454
249,4472
250,4491
251,4510
252,4528
253,4547
254,4567
255,4586
256,4604
257,4623
258,4641
259,4660
260,4679
261,4698
262,4716
263,4733
264,4751
265,4769
266,4787
267,4805
268,4822
269,4840
270,4857
271,4874
272,4892
273,4909
274,4926
275,4943
276,4961
277,4978
278,4996
279,5013
280,5030
281,5047
282,5064
283,5080
284,5096
285,5113
286,5130
287,5147
288,5163
289,5180
290,5198
291,5215
292,5234
293,5251
294,5268
295,5284
296,5300
297,5316
298,5333
299,5349
300,5365
301,5381
302,5398
303,5414
304,5430
305,5446
306,5462
307,5478
308,5495
309,5511
310,5527
311,5543
312,5559
313,5575
314,5591
315,5607
316,5623
317,5639
318,5655
319,5672
320,5688
321,5704
322,5720
323,5736
324,5752
325,5768
326,5785
327,5801
328,5817
329,5833
330,5850
331,5866
332,5882
333,5898
334,5915
