1,425
2,885
3,1354
4,1818
5,2301
6,2737
7,3185
8,3664
9,4157
10,4617
11,5103
12,5573
13,6064
14,6536
15,7005
16,7469
17,7931
18,8406
19,8867
20,9335
21,9802
22,10257
23,10773
24,11296
25,11789
26,12278
27,12767
28,13269
29,13779
30,14258
31,14705
32,15151
33,15586
34,16014
35,16448
36,16892
37,17319
38,17744
39,18166
40,18592
41,19016
42,19441
43,19865
44,20286
45,20712
46,21145
47,21571
48,21994
49,22425
50,22877
51,23300
52,23731
53,24165
54,24605
55,25032
56,25454
57,25878
58,26304
59,26737
60,27161
61,27612
62,28036
63,28461
64,28883
65,29309
66,29735
67,30158
68,30581
69,31004
70,31430
71,31853
72,32279
73,32708
74,33135
75,33578
76,34002
77,34434
78,34859
79,35284
80,35714
81,36149
82,36584
83,37015
84,37449
85,37874
86,38299
87,38749
88,39174
89,39602
90,40034
91,40464
92,40893
93,41317
94,41741
95,42166
96,42592
97,43016
98,43442
99,43863
100,44284
101,44718
102,45138
103,45566
104,45988
105,46410
106,46831
107,47252
108,47677
109,48097
110,48526
111,48947
112,49383
113,49807
114,50230
115,50651
116,51072
117,51493
118,51914
119,52335
120,52759
121,53180
122,53604
123,54025
124,54448
125,54870
126,55305
127,55729
128,56156
129,56580
130,57001
131,57424
132,57846
133,58267
134,58691
135,59112
136,59540
137,59963
138,60398
139,60821
140,61244
141,61673
142,62102
143,62526
144,62949
145,63376
146,63800
147,64225
148,64647
149,65068
150,65491
151,65913
152,66346
153,66768
154,67189
155,67617
156,68043
157,68469
158,68893
159,69319
160,69739
161,70164
162,70599
163,71020
164,71462
165,71882
166,72306
167,72733
168,73156
169,73579
170,74003
171,74425
172,74845
173,75269
174,75691
175,76114
176,76547
177,76968
178,77390
179,77822
180,78255
181,78674
182,79095
183,79519
184,79940
185,80361
186,80781
187,81203
188,81630
189,82050
190,82489
191,82909
192,83331
193,83750
194,84172
195,84592
196,85013
197,85436
198,85859
199,86282
200,86705
201,87126
202,87550
203,87977
204,88411
205,88834
206,89255
207,89686
208,90107
209,90749
210,91186
211,91617
212,92052
213,92474
214,92896
215,93316
216,93755
217,94177
218,94600
219,95021
220,95444
221,95865
222,96287
223,96707
224,97129
225,97553
226,97974
227,98400
228,98824
229,99254
230,99685
231,100110
232,100538
233,100958
234,101384
235,101809
236,102235
237,102660
238,103082
239,103512
240,103938
241,104369
242,104798
243,105219
244,105646
245,106068
246,106489
247,106912
248,107334
249,107757
250,108179
251,108604
252,109027
253,109452
254,109873
255,110299
256,110731
257,111163
258,111586
259,112008
260,112432
261,112853
262,113275
263,113697
264,114123
265,114551
266,114973
267,115419
268,115852
269,116275
270,116696
271,117116
272,117537
273,117959
274,118383
275,118803
276,119224
277,119647
278,120067
279,120494
280,120914
281,121350
282,121771
283,122196
284,122624
285,123045
286,123467
287,123888
288,124310
289,124736
290,125160
291,125586
292,126006
293,126443
294,126863
295,127283
296,127704
297,128126
298,128548
299,128969
300,129394
301,129815
302,130239
303,130660
304,131091
305,131526
306,131952
307,132383
308,132803
309,133235
310,133660
311,134082
312,134504
313,134925
314,135348
315,135769
316,136191
317,136618
318,137038
319,137478
320,137898
321,138321
322,138742
323,139163
324,139585
325,140006
326,140429
327,140850
328,141277
329,141701
330,142126
331,142554
332,142974
333,143409
334,143828
335,144255
336,144676
337,145096
338,145518
339,145941
340,146364
341,146785
342,147207
343,147636
344,148056
345,148496
346,148916
347,149338
348,149759
349,150179
350,150603
351,151025
352,151448
353,151868
354,152293
355,152714
356,153137
357,153559
358,153980
359,154416
360,154836
361,155265
362,155686
363,156108
364,156532
365,156952
366,157378
367,157798
368,158226
369,158650
370,159087
371,159510
372,159930
373,160352
374,160773
375,161197
376,161619
377,162040
378,162462
379,162882
380,163306
381,163729
382,164153
383,164574
384,164994
385,165433
386,165854
387,166284
388,166707
389,167133
390,167558
391,167981
392,168404
393,168825
394,169254
395,169675
396,170098
397,170538
398,170958
399,171384
400,171805
401,172227
402,172649
403,173070
404,173492
405,173914
406,174342
407,174764
408,175189
409,175615
410,176043
411,176477
412,176939
413,177369
414,177791
415,178227
416,178651
417,179072
418,179496
419,179918
420,180346
421,180767
422,181201
423,181631
424,182055
425,182477
426,182898
427,183319
428,183740
429,184165
430,184586
431,185005
432,185429
433,185849
434,186272
435,186698
436,187132
437,187554
438,187976
439,188405
440,188824
441,189250
442,189672
443,190094
444,190515
445,190941
446,191369
447,191793
448,192221
449,192655
450,193075
451,193500
452,193923
453,194345
454,194766
455,195188
456,195610
457,196031
458,196454
459,196874
460,197300
461,197721
462,198157
463,198579
464,199007
465,199430
466,199850
467,200272
468,200693
469,201122
470,201543
471,201971
472,202403
473,202823
474,203263
475,203686
476,204108
477,204529
478,204948
479,205369
480,205792
481,206214
482,206635
483,207057
484,207479
485,207902
486,208327
487,208749
488,209181
489,209602
490,210022
491,210451
492,210878
493,211303
494,211729
495,212151
496,212573
497,212993
498,213423
499,213844
500,214322
501,214743
502,215164
503,215586
504,216006
505,216426
506,216853
507,217275
508,217695
509,218121
510,218542
511,218966
512,219387
513,219807
514,220242
515,220663
516,221095
517,221518
518,221937
519,222362
520,222785
521,223209
522,223630
523,224058
524,224479
525,224913
526,225339
