1,428
2,849
3,1270
4,1692
5,2113
6,2540
7,2963
8,3389
9,3811
10,4244
11,4666
12,5086
13,5514
14,5936
15,6360
16,6780
17,7202
18,7625
19,8046
20,8476
21,8896
22,9332
23,9757
24,10177
25,10599
26,11019
27,11442
28,11864
29,12285
30,12709
31,13130
32,13553
33,13978
34,14398
35,14818
36,15242
37,15675
38,16101
39,16524
40,16946
41,17373
42,17795
43,18216
44,18638
45,19058
46,19486
47,19915
48,20352
49,20774
50,21197
51,21618
52,22039
53,22460
54,22880
55,23304
56,23724
57,24152
58,24573
59,24994
60,25419
61,25842
62,26276
63,26706
64,27143
65,27564
66,27986
67,28412
68,28832
69,29256
70,29677
71,30098
72,30528
73,30949
74,31389
75,31809
76,32231
77,32651
78,33076
79,33499
80,33920
81,34346
82,34767
83,35192
84,35614
85,36034
86,36459
87,36880
88,37315
89,37736
90,38164
91,38590
92,39014
93,39436
94,39856
95,40278
96,40699
97,41121
98,41550
99,41972
100,42411
101,42833
102,43254
103,43675
104,44097
105,44518
106,44938
107,45359
108,45779
109,46202
110,46623
111,47047
112,47470
113,47893
114,48331
115,48751
116,49179
117,49599
118,50019
119,50441
120,50862
121,51285
122,51705
123,52130
124,52562
125,52997
126,53424
127,53848
128,54269
129,54689
130,55112
131,55534
132,55955
133,56378
134,56800
135,57223
136,57646
137,58067
138,58497
139,58929
140,59357
141,59777
142,60203
143,60632
144,61055
145,61481
146,61902
147,62326
148,62747
149,63172
150,63600
151,64021
152,64459
153,64879
154,65303
155,65723
156,66145
157,66567
158,66988
159,67408
160,67829
161,68253
162,68673
163,69097
164,69522
165,69943
166,70376
167,70797
168,71226
169,71648
170,72070
171,72494
172,72914
173,73342
174,73763
175,74194
176,74616
177,75043
178,75481
179,75902
180,76324
181,76749
182,77171
183,77601
184,78025
185,78447
186,78869
187,79293
188,79713
189,80136
190,80559
191,80979
192,81413
193,81834
194,82261
195,82682
196,83105
197,83529
198,83953
199,84376
200,84796
201,85226
202,85646
203,86075
204,86506
205,86934
206,87355
207,87812
208,88236
209,88657
210,89079
211,89499
212,89922
213,90345
214,90766
215,91191
216,91613
217,92045
218,92467
219,92888
220,93317
221,93740
222,94163
223,94585
224,95007
225,95428
226,95848
227,96278
228,96699
229,97134
230,97557
231,97979
232,98402
233,98823
234,99246
235,99666
236,100089
237,100509
238,100933
239,101357
240,101780
241,102206
242,102628
243,103054
244,103486
245,103913
246,104342
247,104763
248,105187
249,105608
250,106031
251,106451
252,106873
253,107302
254,107723
255,108163
256,108587
257,109009
258,109432
259,109852
260,110274
261,110697
262,111118
263,111538
264,111963
265,112384
266,112804
267,113229
268,113649
269,114086
270,114506
271,114935
272,115361
