1,425
2,859
3,1280
4,1710
5,2132
6,2554
7,2979
8,3401
9,3828
10,4249
11,4681
12,5103
13,5542
14,5966
15,6392
16,6815
17,7237
18,7660
19,8080
20,8503
21,8925
22,9347
23,9775
24,10197
25,10625
26,11046
27,11467
28,11905
29,12334
30,12760
31,13182
32,13605
33,14028
34,14451
35,14874
36,15296
37,15724
38,16146
39,16581
40,17006
41,17436
42,17860
43,18281
44,18706
45,19131
46,19552
47,19976
48,20399
49,20821
50,21244
51,21671
52,22091
53,22526
54,22948
55,23370
56,23801
57,24222
58,24645
59,25068
60,25492
61,25913
62,26340
63,26766
64,27186
65,27626
66,28048
67,28469
68,28889
69,29314
70,29737
71,30157
72,30578
73,30999
74,31421
75,31847
76,32274
77,32697
78,33117
79,33553
80,33975
81,34399
82,34824
83,35247
84,35669
85,36090
86,36513
87,36935
88,37364
