1,429
2,850
3,1270
4,1704
5,2125
6,2570
7,2991
8,3415
9,3839
10,4261
11,4685
12,5106
13,5535
14,5954
15,6381
16,6816
17,7238
18,7660
19,8080
20,8503
21,8923
22,9345
23,9768
24,10192
25,10612
26,11034
27,11459
28,11880
29,12311
30,12736
31,13166
32,13587
33,14012
34,14435
35,14856
36,15279
37,15700
38,16120
39,16550
40,16973
41,17413
42,17833
43,18254
44,18677
45,19100
46,19522
47,19945
48,20368
49,20789
50,21209
51,21632
52,22056
53,22482
54,22902
55,23331
56,23761
57,24188
58,24610
59,25031
60,25454
61,25876
62,26298
63,26719
64,27140
65,27568
66,27995
67,28427
68,28847
