1,427
2,848
3,1284
4,1706
5,2130
6,2553
7,2975
8,3400
9,3821
10,4251
11,4672
12,5107
13,5535
14,5958
15,6379
16,6801
17,7225
18,7650
19,8077
20,8500
21,8919
22,9342
23,9763
24,10187
25,10607
26,11031
27,11461
28,11882
29,12310
30,12731
31,13154
32,13578
33,13998
34,14421
35,14841
36,15272
37,15694
38,16133
39,16557
40,16979
41,17404
42,17828
43,18250
44,18671
45,19095
46,19518
47,19942
48,20364
49,20786
50,21211
51,21639
52,22070
53,22499
54,22931
55,23351
56,23772
57,24195
58,24622
59,25047
60,25469
61,25890
62,26324
63,26746
64,27187
65,27610
66,28034
67,28455
68,28876
69,29301
70,29722
71,30144
72,30565
73,30988
74,31409
75,31832
76,32256
77,32678
78,33115
79,33535
80,33958
81,34387
82,34809
83,35232
84,35652
85,36075
86,36496
87,36930
88,37351
89,37773
90,38211
91,38636
92,39058
93,39480
94,39901
95,40322
96,40745
97,41169
98,41593
99,42027
100,42462
101,42894
102,43320
103,43742
104,44174
105,44615
106,45065
107,45490
108,45915
109,46341
110,46762
111,47191
112,47622
113,48058
114,48486
115,48909
116,49357
117,49800
118,50228
119,50649
120,51071
121,51493
122,51916
123,52342
124,52766
125,53187
126,53609
127,54030
128,54455
129,54880
130,55311
131,55732
132,56160
133,56581
134,57009
135,57429
136,57852
137,58274
138,58695
139,59124
140,59553
141,60334
142,60808
143,61284
144,61754
145,62240
146,62714
147,63197
148,63639
149,64124
150,64597
151,65078
152,65537
153,66014
154,66492
155,67000
156,67480
157,67949
158,68397
159,68872
160,69345
161,69806
162,70273
163,70743
164,71234
165,71675
166,72153
167,72628
168,73098
169,73585
170,74060
171,74515
172,74945
173,75406
174,75880
175,76307
176,76737
177,77184
178,77611
179,78045
180,78469
181,78901
182,79338
183,79777
184,80206
185,80630
186,81066
187,81493
188,81921
189,82369
190,82797
191,83223
192,83676
193,84145
194,84590
195,85020
196,85460
197,85891
198,86314
199,86743
200,87171
201,87603
202,88049
203,88478
204,88904
205,89340
206,89771
207,90199
208,90623
209,91048
210,91470
211,91895
212,92327
213,92753
214,93201
215,93623
216,94046
217,94473
218,94902
219,95330
220,95758
221,96185
222,96607
223,97039
224,97467
225,97898
226,98321
227,98745
228,99183
229,99606
230,100038
231,100459
232,100882
233,101302
234,101723
235,102157
236,102578
237,103013
238,103434
239,103864
240,104311
241,104733
242,105160
243,105580
244,106003
245,106425
246,106845
247,107267
248,107691
249,108115
250,108536
251,108961
252,109392
253,109813
254,110254
255,110675
256,111107
257,111569
258,112038
259,112505
260,112963
261,113425
262,113920
263,114375
264,114856
265,115329
266,115761
267,116205
268,116672
269,117140
270,117597
271,118078
272,118539
273,118984
274,119454
275,119909
276,120373
277,120854
278,121344
279,121812
280,122271
281,122722
282,123157
283,123610
284,124064
285,124502
286,124954
287,125423
288,125901
289,126374
290,126819
291,127246
292,127691
293,128158
294,128595
295,129030
296,129478
297,129921
298,130383
299,130831
300,131296
301,131765
302,132236
303,132717
304,133175
305,133610
306,134035
307,134462
308,134887
309,135326
310,135767
311,136229
312,136666
313,137130
314,137565
315,138012
316,138445
317,138875
318,139306
319,139734
320,140170
321,140627
322,141057
323,141510
324,142031
325,142558
326,143113
327,143580
328,144060
329,144528
330,145001
331,145472
332,145945
333,146393
334,146862
335,147331
336,147803
337,148290
338,148740
339,149213
340,149677
341,150123
342,150599
343,151067
344,151552
345,152024
346,152513
347,153012
348,153483
349,153957
350,154405
351,154843
352,155307
353,155768
354,156232
355,156691
356,157129
357,157594
358,158040
359,158500
360,158946
361,159401
362,159871
363,160320
364,160803
365,161241
366,161710
367,162170
368,162624
369,163062
370,163544
371,164038
372,164467
373,164947
374,165395
375,165855
376,166319
377,166775
378,167223
379,167675
380,168120
381,168549
382,169000
383,169429
384,169910
385,170340
386,170763
387,171191
388,171620
389,172044
390,172470
391,172893
392,173317
393,173789
394,174244
395,174733
396,175214
397,175682
398,176110
399,176564
400,176992
401,177414
402,177840
403,178264
404,178692
405,179114
406,179540
407,179974
408,180398
409,180855
410,181278
411,181698
412,182120
413,182554
414,182977
415,183400
416,183824
417,184244
418,184665
419,185093
420,185518
421,185941
422,186363
423,186787
424,187226
425,187656
426,188088
427,188508
428,188930
429,189351
430,189775
431,190203
432,190632
433,191063
434,191493
435,191941
436,192364
437,192787
438,193207
439,193628
440,194050
441,194471
442,194894
443,195316
444,195746
445,196169
446,196592
447,197022
448,197445
449,197886
450,198307
451,198739
452,199161
453,199584
454,200006
455,200427
456,200849
457,201274
458,201701
459,202136
460,202557
461,203012
462,203433
463,203857
464,204282
465,204703
466,205124
467,205549
468,205971
469,206392
470,206816
471,207236
472,207655
473,208081
474,208504
475,208949
476,209375
477,209808
478,210235
479,210694
480,211115
481,211539
482,211961
483,212381
484,212815
485,213237
486,213674
487,214111
488,214534
489,214954
490,215376
491,215796
492,216217
493,216641
494,217060
495,217482
496,217907
497,218328
498,218755
499,219176
500,219595
501,220037
502,220465
503,220890
504,221317
505,221739
506,222160
507,222583
508,223008
509,223434
510,223875
511,224296
512,224744
513,225167
514,225595
515,226022
516,226444
517,226873
518,227301
519,227730
520,228150
521,228577
522,229001
523,229423
524,229848
525,230268
526,230715
527,231147
528,231574
529,232005
530,232433
531,232862
532,233291
533,233713
534,234135
535,234555
536,234988
537,235410
538,235862
539,236283
540,236704
541,237125
542,237548
543,237974
544,238404
545,238828
546,239248
547,239673
548,240097
549,240528
550,240959
551,241381
552,241821
553,242244
554,242677
555,243099
556,243523
557,243946
558,244368
559,244793
560,245218
561,245651
562,246072
563,246515
564,246950
565,247370
566,247792
567,248211
568,248636
569,249057
570,249477
571,249899
572,250328
573,250749
574,251170
575,251591
576,252017
577,252441
578,252885
579,253307
