1,430
2,874
3,1301
4,1730
5,2153
6,2577
7,2999
8,3421
9,3845
10,4267
11,4692
12,5121
13,5547
14,5983
15,6406
16,6833
17,7261
18,7683
19,8105
20,8527
21,8949
22,9371
23,9797
24,10218
25,10646
26,11068
27,11508
28,11981
29,12430
30,12866
31,13289
32,13712
33,14133
34,14558
35,14979
36,15401
37,15830
38,16250
39,16690
40,17111
41,17534
42,17955
43,18377
44,18800
45,19220
46,19642
47,20062
48,20487
49,20908
50,21328
51,21755
52,22177
53,22614
54,23033
55,23455
56,23883
57,24303
58,24726
59,25146
60,25570
61,25991
62,26413
63,26842
64,27262
65,27702
66,28124
67,28545
68,28966
69,29386
70,29809
71,30230
72,30657
73,31079
74,31501
75,31925
76,32348
77,32770
78,33195
79,33618
80,34051
81,34475
82,34899
83,35319
84,35744
85,36164
86,36585
87,37006
88,37427
89,37855
90,38275
91,38714
92,39134
93,39556
94,39978
95,40404
96,40826
97,41249
98,41671
99,42092
100,42522
101,42946
102,43368
103,43791
104,44216
105,44652
106,45076
107,45545
108,45967
109,46387
110,46811
111,47238
112,47664
113,48087
114,48512
115,48937
116,49358
117,49800
118,50225
119,50647
120,51067
121,51489
122,51912
123,52333
124,52755
125,53176
126,53600
127,54020
128,54441
129,54869
130,55290
131,55726
132,56145
133,56575
134,56996
135,57417
136,57840
137,58262
138,58686
139,59106
140,59532
141,59957
142,60392
143,60821
144,61241
145,61665
146,62086
147,62508
148,62929
149,63350
150,63776
151,64196
152,64622
153,65042
154,65466
155,65890
156,66311
157,66745
158,67166
159,67594
160,68014
161,68434
162,68860
163,69280
164,69703
165,70123
166,70555
167,70976
168,71398
169,71840
170,72259
171,72684
172,73103
173,73526
174,73946
175,74366
176,74790
177,75212
178,75642
179,76061
180,76482
181,76913
182,77334
183,77771
184,78194
185,78623
186,79043
187,79466
188,79888
189,80309
190,80732
191,81153
192,81583
193,82004
194,82429
195,82867
196,83286
197,83711
198,84177
199,84600
200,85021
201,85453
202,85876
203,86297
204,86722
205,87144
206,87568
207,87989
208,88424
209,88848
210,89275
211,89697
212,90119
213,90542
214,90962
215,91384
216,91807
217,92228
218,92659
219,93078
220,93518
221,93945
222,94365
223,94787
224,95208
225,95629
226,96050
227,96473
228,96893
229,97313
230,97737
231,98158
232,98582
233,99004
234,99432
235,99863
236,100289
237,100713
238,101133
239,101556
240,101978
241,102400
242,102824
243,103245
244,103674
245,104095
246,104536
247,104967
248,105390
249,105811
250,106232
251,106655
252,107083
253,107508
254,107933
255,108357
256,108778
257,109199
258,109624
259,110045
260,110481
261,110903
262,111336
263,111770
264,112195
265,112625
266,113052
267,113475
268,113897
269,114318
270,114749
271,115172
272,115610
273,116031
274,116454
275,116876
276,117297
277,117718
278,118142
279,118563
280,118984
281,119405
282,119836
283,120262
284,120683
285,121105
286,121541
287,121964
288,122389
289,122813
290,123234
291,123658
292,124079
293,124503
294,124925
295,125349
296,125778
297,126198
298,126637
299,127059
300,127481
301,127903
302,128329
303,128751
304,129172
305,129594
306,130016
307,130443
308,130864
309,131285
310,131710
311,132131
312,132566
313,132987
314,133419
315,133841
316,134264
317,134684
318,135108
319,135532
320,135954
321,136382
322,136804
323,137230
324,137674
325,138102
326,138523
327,138945
328,139365
329,139788
330,140215
331,140636
332,141057
333,141514
334,141935
335,142372
336,142793
337,143214
338,143649
339,144072
340,144497
341,144919
342,145340
343,145762
344,146189
345,146613
346,147035
347,147469
348,147890
349,148331
350,148750
351,149173
352,149595
353,150017
354,150444
355,150865
356,151290
357,151712
358,152134
