1,425
2,848
3,1270
4,1691
5,2123
6,2544
7,2979
8,3410
9,3832
10,4254
11,4681
12,5103
13,5525
14,5946
15,6369
16,6792
17,7219
18,7641
19,8067
20,8489
21,8926
22,9347
23,9773
24,10201
25,10623
26,11047
27,11470
28,11892
29,12315
30,12739
31,13167
32,13594
33,14029
34,14458
35,14882
36,15308
37,15729
38,16151
39,16574
40,16998
41,17427
42,17852
43,18272
44,18694
45,19120
46,19542
47,19977
48,20399
49,20821
50,21251
51,21673
52,22104
53,22529
54,22953
55,23376
56,23798
57,24228
58,24662
59,25094
60,25519
61,25942
62,26365
63,26787
64,27211
65,27633
66,28059
67,28480
68,28903
69,29328
70,29756
71,30185
72,30610
73,31068
74,31506
75,31948
76,32373
77,32798
78,33222
79,33645
80,34073
81,34509
82,34944
83,35371
84,35793
85,36239
86,36661
87,37084
88,37510
89,37941
90,38372
91,38813
92,39241
93,39671
94,40097
95,40519
96,40945
97,41367
98,41792
99,42231
100,42680
101,43117
102,43541
103,43970
104,44393
105,44820
106,45245
107,45673
108,46114
109,46555
110,47004
111,47427
112,47851
113,48275
114,48697
115,49118
116,49539
117,49970
118,50390
119,50816
120,51250
121,51676
122,52102
123,52528
124,52959
125,53382
126,53810
127,54236
128,54659
129,55083
130,55504
131,55927
132,56350
133,56779
134,57206
135,57629
136,58071
137,58493
138,58916
139,59338
140,59762
141,60185
142,60609
143,61032
144,61453
145,61879
146,62300
147,62726
148,63147
149,63572
150,64005
151,64426
152,64855
153,65275
154,65699
155,66120
156,66543
157,66967
158,67388
159,67822
160,68242
161,68685
162,69111
163,69533
164,69958
165,70380
166,70802
167,71222
168,71644
169,72066
170,72490
171,72912
172,73332
173,73755
174,74180
175,74603
176,75035
177,75456
178,75890
179,76311
180,76734
181,77154
182,77578
183,78002
184,78424
185,78859
186,79284
187,79723
188,80153
189,80575
190,81002
191,81423
192,81845
193,82266
194,82691
195,83113
196,83539
197,83966
198,84388
199,84812
200,85233
201,85662
