1,428
2,851
3,1272
4,1696
5,2117
6,2539
7,2961
8,3386
9,3811
10,4232
11,4658
12,5082
13,5508
14,5942
15,6367
16,6795
17,7219
18,7646
19,8067
20,8491
21,8910
22,9341
23,9766
24,10187
25,10618
26,11050
27,11476
28,11898
29,12319
30,12742
31,13164
32,13585
33,14006
34,14463
35,14888
36,15310
37,15735
38,16157
39,16593
40,17015
41,17440
42,17867
43,18292
44,18717
45,19143
46,19568
47,19988
48,20419
49,20844
50,21267
51,21710
52,22130
53,22552
54,22975
55,23397
56,23822
57,24245
58,24669
59,25089
60,25514
61,25952
62,26377
63,26798
64,27220
65,27655
66,28076
67,28510
68,28931
69,29353
70,29777
71,30203
72,30626
73,31047
74,31478
75,31899
76,32344
77,32769
78,33190
79,33615
80,34035
81,34459
82,34879
83,35304
84,35724
85,36148
