1,434
2,856
3,1296
4,1721
5,2141
6,2564
7,2986
8,3408
9,3828
10,4250
11,4670
12,5091
13,5514
14,5935
15,6358
16,6780
17,7203
18,7635
19,8058
20,8487
21,8908
22,9330
23,9755
24,10177
25,10601
26,11023
27,11451
28,11872
29,12310
30,12731
31,13154
32,13576
33,13997
34,14421
35,14842
36,15264
37,15689
38,16113
39,16547
40,16968
41,17390
42,17815
43,18249
44,18671
45,19099
46,19523
47,19944
48,20365
49,20787
50,21211
51,21632
52,22065
53,22492
54,22914
55,23356
56,23776
57,24203
58,24626
59,25047
60,25468
61,25890
62,26310
63,26731
64,27152
65,27576
66,27998
67,28422
68,28842
69,29276
70,29698
71,30124
72,30547
73,30969
74,31391
75,31819
76,32243
77,32664
78,33085
79,33514
80,33935
81,34375
82,34797
83,35219
84,35640
85,36061
86,36483
87,36904
88,37329
89,37750
90,38174
91,38595
92,39018
93,39440
94,39861
95,40296
96,40719
97,41146
98,41567
99,41988
100,42410
101,42832
102,43257
103,43680
104,44104
105,44532
106,44970
107,45395
108,45823
109,46245
110,46673
111,47096
112,47517
113,47938
114,48360
115,48781
116,49205
117,49625
118,50051
119,50471
120,50902
121,51324
122,51745
123,52173
124,52594
125,53019
126,53443
127,53865
128,54287
