1,432
2,853
3,1282
4,1716
5,2148
6,2572
7,2991
8,3416
9,3837
10,4261
11,4681
12,5101
13,5535
14,5957
15,6412
16,6836
17,7260
18,7680
19,8103
20,8525
21,8947
22,9379
23,9800
24,10225
25,10646
26,11066
27,11492
28,11917
29,12354
30,12806
31,13255
32,13706
33,14159
34,14604
35,15034
36,15481
37,15901
38,16335
39,16765
40,17233
41,17709
42,18159
43,18607
44,19055
45,19525
46,19986
47,20435
48,20913
49,21403
50,21854
51,22298
52,22768
53,23227
54,23684
55,24166
56,24613
57,25065
58,25514
59,25995
60,26454
61,26904
62,27360
63,27783
64,28266
65,28718
66,29185
67,29632
68,30079
69,30534
70,30999
71,31448
72,31895
73,32350
74,32783
75,33239
76,33705
77,34144
78,34608
79,35066
80,35515
81,36000
82,36474
83,36931
84,37372
85,37846
86,38323
87,38763
88,39237
89,39716
90,40170
91,40606
92,41034
93,41460
94,41901
95,42363
96,42840
97,43288
98,43756
99,44209
100,44648
101,45088
102,45530
103,45953
104,46397
105,46836
106,47271
107,47696
108,48157
109,48635
110,49078
111,49518
112,49976
113,50466
114,50905
115,51361
116,51824
117,52293
118,52742
119,53195
120,53663
121,54120
122,54572
123,55036
124,55502
125,55960
126,56425
127,56867
128,57325
129,57758
130,58204
131,58671
132,59115
133,59559
134,60042
135,60496
136,60944
137,61424
138,61866
139,62291
140,62719
141,63152
142,63592
143,64044
144,64523
145,64974
146,65425
147,65885
148,66332
149,66776
150,67238
151,67685
152,68167
153,68616
154,69046
155,69482
156,69908
157,70365
158,70793
159,71251
160,71695
161,72165
162,72629
163,73080
164,73549
165,74032
166,74480
167,74926
168,75376
169,75820
170,76256
171,76691
172,77149
173,77601
174,78062
175,78529
176,79010
177,79482
178,79945
179,80408
180,80867
181,81341
182,81823
183,82317
184,82787
185,83286
186,83749
187,84230
188,84682
189,85140
190,85576
191,86002
192,86429
193,86921
194,87419
195,87898
196,88390
197,88854
198,89322
199,89759
200,90212
201,90677
202,91137
203,91591
204,92018
205,92452
206,92876
207,93310
208,93735
209,94177
210,94606
211,95037
212,95463
213,95887
214,96317
215,96738
216,97163
217,97590
218,98024
219,98459
220,98884
221,99311
222,99735
223,100191
224,100619
225,101044
226,101478
227,101904
228,102344
229,102767
230,103193
231,103615
232,104050
233,104481
234,104905
235,105353
236,105780
237,106205
238,106629
239,107053
240,107480
241,107903
242,108326
243,108750
244,109179
245,109601
246,110026
247,110447
248,110869
249,111313
250,111733
251,112165
252,112587
253,113012
254,113432
255,113857
256,114287
257,114710
258,115146
259,115569
260,115992
261,116440
262,116860
263,117284
264,117751
265,118176
266,118628
267,119065
268,119497
269,119923
270,120347
271,120767
272,121193
273,121618
274,122053
275,122486
276,122912
277,123349
278,123770
279,124194
280,124618
281,125044
282,125464
283,125884
284,126315
285,126737
286,127187
287,127619
288,128047
289,128479
290,128900
291,129333
292,129754
293,130180
294,130599
295,131021
296,131446
297,131867
298,132294
299,132721
300,133162
301,133585
302,134019
303,134440
304,134862
305,135284
306,135704
307,136137
308,136593
309,137056
310,137499
311,137941
312,138410
313,138855
314,139282
315,139712
316,140136
317,140564
318,140990
319,141416
320,141837
321,142265
322,142698
323,143130
324,143552
325,144005
326,144426
327,144855
328,145280
329,145704
330,146133
331,146558
332,147026
333,147488
334,147952
335,148406
336,148865
337,149329
338,149781
339,150230
340,150682
341,151143
342,151607
343,152094
344,152530
345,152992
346,153467
347,153935
348,154399
349,154868
350,155320
351,155793
352,156272
353,156740
354,157210
355,157693
356,158163
357,158613
358,159090
359,159529
360,159971
361,160444
362,160896
363,161345
364,161797
365,162242
366,162693
367,163150
368,163583
369,164019
370,164441
371,164868
372,165290
373,165712
374,166157
375,166582
376,167016
377,167439
378,167863
379,168298
380,168725
381,169154
382,169580
383,170014
384,170444
385,170868
386,171324
387,171745
388,172169
389,172595
390,173022
391,173443
392,173866
393,174294
394,174727
395,175155
396,175587
397,176053
398,176522
399,176986
400,177436
401,177880
402,178325
403,178752
404,179220
405,179695
406,180170
407,180633
408,181083
409,181548
410,182021
411,182481
412,182915
413,183357
414,183802
415,184252
416,184692
417,185148
418,185571
419,186035
420,186510
421,186964
422,187418
423,187866
424,188351
425,188816
426,189294
427,189750
428,190204
429,190670
430,191138
431,191596
432,192040
433,192495
434,192955
435,193417
436,193864
437,194295
438,194729
439,195171
440,195598
441,196029
442,196483
443,196935
444,197377
445,197798
446,198246
447,198689
448,199162
449,199603
450,200049
451,200475
452,200903
453,201335
454,201777
455,202204
456,202654
457,203119
458,203579
459,204029
460,204484
461,204934
462,205365
463,205859
464,206284
465,206722
466,207155
467,207577
468,208003
469,208424
470,208847
471,209273
472,209713
473,210146
474,210573
475,211010
476,211431
477,211865
478,212289
479,212714
480,213142
481,213566
482,214007
483,214471
484,214926
485,215350
486,215772
487,216203
488,216646
489,217078
490,217511
491,217961
492,218389
493,218817
494,219261
495,219706
496,220178
497,220643
498,221111
499,221576
500,222050
501,222519
502,222972
503,223418
504,223870
505,224326
506,224820
507,225301
508,225808
509,226285
510,226760
511,227238
512,227742
513,228217
514,228664
515,229108
516,229554
517,229994
518,230421
519,230844
520,231279
521,231704
522,232150
523,232609
524,233065
525,233509
526,233941
527,234394
528,234844
529,235282
530,235719
531,236175
532,236613
533,237065
534,237494
535,237915
536,238335
537,238760
538,239187
539,239612
540,240036
541,240462
542,240887
543,241311
544,241734
545,242163
546,242587
547,243035
548,243458
549,243896
550,244316
551,244747
552,245169
553,245592
554,246022
555,246445
556,246880
557,247302
558,247753
559,248215
560,248664
561,249139
562,249596
563,250055
564,250533
565,251003
566,251465
567,251917
568,252363
569,252808
570,253260
571,253715
572,254190
573,254638
574,255086
575,255517
576,255956
577,256386
578,256821
579,257255
