1,426
2,848
3,1269
4,1693
5,2114
6,2535
7,2968
8,3389
9,3827
10,4249
11,4670
12,5090
13,5511
14,5933
15,6354
16,6778
17,7199
18,7618
19,8045
20,8466
21,8889
22,9313
23,9746
24,10166
25,10586
26,11013
27,11437
28,11860
29,12281
30,12704
31,13125
32,13552
33,13984
34,14408
35,14848
36,15269
37,15690
38,16116
39,16537
40,16957
41,17377
42,17799
43,18221
44,18642
45,19065
46,19495
47,19916
48,20337
49,20763
50,21191
51,21617
52,22040
53,22461
54,22884
55,23304
56,23726
57,24149
58,24573
59,24996
60,25417
61,25855
62,26275
63,26697
64,27117
65,27537
66,27959
67,28381
68,28803
69,29223
70,29651
71,30071
72,30493
73,30917
74,31338
75,31773
76,32194
77,32618
78,33043
79,33464
80,33885
81,34305
82,34727
83,35147
84,35579
85,36001
86,36422
87,36862
88,37282
89,37703
90,38124
91,38550
92,38994
93,39448
94,39877
95,40298
96,40723
97,41145
98,41571
99,41992
100,42412
101,42849
102,43274
103,43701
104,44122
105,44545
106,44965
107,45385
108,45843
109,46264
110,46695
111,47115
112,47549
113,47992
114,48417
115,48840
116,49261
117,49697
118,50117
119,50538
120,50961
121,51381
122,51809
123,52232
124,52655
125,53080
126,53525
127,53947
128,54374
129,54797
130,55219
131,55641
132,56062
133,56489
134,56913
135,57335
136,57765
137,58187
138,58620
139,59049
140,59471
141,59895
142,60317
143,60741
144,61162
145,61583
146,62004
147,62427
148,62850
149,63272
150,63696
151,64119
152,64553
153,64974
154,65395
155,65824
156,66248
157,66674
158,67096
159,67518
160,67940
161,68369
162,68795
163,69216
164,69646
165,70080
166,70501
167,70925
168,71347
169,71772
170,72194
171,72617
172,73041
173,73462
174,73890
175,74312
176,74734
177,75159
178,75582
179,76014
180,76441
181,76863
182,77285
183,77708
184,78129
185,78560
186,78982
187,79416
188,79849
189,80273
190,80720
191,81142
192,81565
193,81985
194,82409
195,82830
196,83250
197,83672
198,84092
199,84515
200,84935
201,85355
202,85780
203,86202
204,86637
205,87058
206,87486
207,87908
208,88329
209,88753
210,89173
211,89596
212,90016
213,90446
214,90866
215,91291
216,91728
217,92150
218,92572
219,92993
220,93415
221,93843
222,94269
223,94690
224,95115
225,95538
226,95962
227,96385
228,96809
229,97229
230,97665
231,98086
232,98520
233,98941
