1,470
2,948
3,1418
4,1868
5,2330
6,2775
7,3205
8,3628
9,4051
10,4486
11,4919
12,5362
13,5789
14,6222
15,6646
16,7081
17,7505
18,7928
19,8360
20,8783
21,9211
22,9650
23,10118
24,10568
25,11019
26,11461
27,11892
28,12332
29,12776
30,13216
31,13664
32,14152
33,14619
34,15065
35,15487
36,15912
37,16359
38,16788
39,17215
40,17646
41,18073
42,18495
43,18919
44,19344
45,19765
46,20193
47,20618
48,21048
49,21472
50,21895
51,22340
52,22766
53,23198
54,23627
55,24054
56,24478
57,24905
58,25338
59,25764
60,26202
61,26632
62,27081
63,27515
64,27941
65,28364
66,28787
67,29213
68,29637
69,30069
70,30495
71,30925
72,31354
73,31782
74,32214
75,32638
76,33084
77,33507
78,33929
79,34363
80,34786
81,35218
82,35641
83,36071
84,36492
85,36914
86,37344
87,37764
88,38205
89,38629
90,39052
91,39473
92,39894
93,40317
94,40738
95,41172
96,41598
97,42019
98,42446
99,42867
100,43294
101,43714
102,44148
103,44572
104,45001
105,45425
106,45849
107,46276
108,46696
109,47119
110,47542
111,47964
112,48393
113,48818
114,49255
115,49676
116,50098
117,50521
118,50944
119,51365
120,51787
121,52208
122,52630
123,53059
124,53481
125,53902
126,54327
127,54753
128,55188
129,55610
130,56039
131,56460
132,56922
133,57345
134,57766
135,58189
136,58611
137,59041
138,59463
139,59886
140,60326
141,60749
142,61171
143,61594
144,62017
145,62438
146,62860
147,63283
148,63706
149,64129
150,64550
151,64975
152,65396
153,65831
154,66259
155,66681
156,67111
157,67533
158,67957
159,68377
160,68797
161,69221
162,69642
163,70072
164,70496
165,70933
166,71355
167,71779
168,72201
169,72622
170,73046
171,73472
172,73893
173,74316
174,74742
175,75164
176,75586
177,76011
178,76432
179,76854
180,77291
181,77719
182,78143
183,78566
184,78990
185,79412
186,79834
187,80257
188,80681
189,81110
190,81531
191,81960
192,82390
193,82812
194,83233
195,83656
196,84079
197,84500
198,84921
199,85341
200,85767
201,86189
202,86614
203,87038
204,87463
205,87897
206,88321
207,88745
208,89173
209,89594
210,90017
211,90439
212,90862
213,91283
214,91704
215,92135
216,92556
217,93000
218,93422
219,93844
220,94267
221,94689
222,95112
223,95534
224,95986
225,96451
226,96897
227,97371
228,97882
229,98328
230,98795
231,99252
232,99728
233,100184
234,100611
235,101036
236,101462
237,101886
238,102309
239,102734
240,103163
241,103586
242,104026
243,104450
244,104873
245,105295
246,105718
247,106156
248,106582
249,107006
250,107428
251,107858
252,108282
253,108706
254,109134
255,109554
256,109986
257,110416
258,110842
259,111270
260,111692
261,112117
262,112540
263,112965
264,113385
265,113808
266,114237
267,114659
268,115099
269,115521
270,115948
271,116369
272,116792
273,117211
274,117637
275,118059
276,118480
277,118905
278,119326
279,119751
280,120174
281,120598
282,121029
283,121452
284,121877
285,122333
286,122760
287,123193
288,123615
289,124039
290,124461
291,124904
292,125337
293,125764
294,126201
295,126625
296,127052
297,127473
298,127902
299,128341
300,128768
301,129214
302,129671
303,130131
304,130591
305,131071
306,131535
307,132006
308,132464
309,132896
310,133349
311,133825
312,134282
313,134711
314,135153
315,135627
316,136082
317,136549
318,137022
319,137475
320,137905
321,138418
322,138878
323,139301
324,139723
325,140149
326,140580
327,141004
328,141428
329,141853
330,142285
331,142717
332,143161
333,143614
334,144085
335,144537
336,144996
337,145468
338,145896
339,146331
340,146767
341,147204
342,147637
343,148095
344,148517
345,148953
346,149378
347,149813
348,150238
349,150666
350,151100
351,151528
352,151956
353,152381
354,152809
355,153237
356,153659
357,154105
358,154527
359,154962
360,155388
361,155815
362,156239
363,156662
364,157089
365,157513
366,157947
367,158369
368,158810
369,159272
370,159696
371,160122
372,160547
373,160973
374,161402
375,161828
376,162252
377,162677
378,163103
379,163526
380,163958
381,164383
382,164813
383,165251
384,165682
385,166109
386,166538
387,166965
388,167392
389,167819
390,168243
391,168674
392,169109
393,169532
394,169985
395,170408
396,170834
397,171256
398,171681
399,172107
400,172532
401,172958
402,173382
403,173812
404,174235
405,174659
406,175087
407,175521
408,175962
409,176385
410,176817
411,177247
412,177671
413,178098
414,178524
415,178950
416,179372
417,179808
418,180231
419,180657
420,181110
421,181532
422,181973
423,182398
424,182822
425,183246
426,183671
427,184096
428,184519
429,184947
430,185373
431,185801
432,186224
433,186658
434,187086
435,187507
436,187936
437,188357
438,188782
439,189204
440,189625
441,190051
442,190473
443,190906
444,191327
445,191758
446,192188
447,192611
448,193032
449,193453
450,193878
451,194298
452,194719
453,195144
454,195567
455,195990
456,196410
457,196837
458,197297
459,197762
460,198186
461,198616
462,199049
463,199476
464,199911
465,200357
466,200789
467,201214
468,201639
469,202072
470,202492
471,202934
472,203390
473,203816
474,204237
475,204657
476,205080
477,205503
478,205924
479,206346
480,206766
481,207193
482,207626
483,208090
484,208573
485,209006
486,209461
487,209899
488,210346
489,210786
490,211244
491,211713
492,212160
493,212597
494,213025
495,213451
496,213898
497,214330
498,214761
499,215192
500,215626
501,216055
502,216492
503,216920
504,217346
505,217774
506,218199
507,218628
508,219052
509,219476
510,219922
511,220349
512,220783
513,221213
514,221652
515,222077
516,222500
517,222944
518,223370
519,223805
520,224230
521,224672
522,225105
523,225527
524,225950
525,226371
526,226798
527,227221
528,227647
529,228074
530,228500
531,228924
532,229347
533,229776
534,230201
535,230650
536,231080
537,231510
538,231943
539,232368
540,232792
541,233215
542,233640
543,234063
544,234486
545,234919
546,235346
547,235796
548,236226
549,236650
550,237077
551,237503
552,237926
553,238352
554,238776
555,239202
556,239628
557,240055
558,240480
559,240906
560,241329
561,241768
562,242201
563,242633
564,243056
565,243483
566,243910
567,244338
568,244773
569,245198
570,245628
571,246056
572,246493
573,246923
574,247346
575,247769
576,248193
577,248617
578,249042
579,249463
