1,430
2,852
3,1274
4,1694
5,2116
6,2536
7,2958
8,3383
9,3806
10,4285
11,4729
12,5187
13,5654
14,6097
15,6544
16,6972
17,7426
18,7907
19,8344
20,8783
21,9218
22,9674
23,10142
24,10605
25,11083
26,11523
27,11987
28,12450
29,12870
30,13297
31,13718
32,14143
33,14564
34,14985
35,15410
36,15832
37,16272
38,16694
39,17124
40,17546
41,17967
42,18390
43,18817
44,19241
45,19663
46,20093
47,20515
48,20940
49,21380
50,21802
51,22225
52,22647
53,23068
54,23491
55,23915
56,24335
57,24755
58,25180
59,25602
60,26028
61,26450
62,26880
63,27321
64,27746
65,28182
66,28608
67,29034
68,29456
69,29880
70,30313
71,30738
72,31170
73,31595
74,32038
75,32477
76,32902
77,33329
78,33755
79,34185
80,34606
81,35029
82,35452
83,35881
84,36304
85,36725
86,37155
87,37577
88,38000
89,38433
90,38860
91,39283
92,39703
93,40129
94,40550
95,40971
96,41403
97,41826
98,42264
99,42684
100,43123
101,43547
102,43971
103,44393
104,44815
105,45236
106,45657
107,46082
108,46504
109,46924
110,47348
111,47768
112,48192
113,48612
114,49046
115,49469
116,49890
117,50319
118,50740
119,51165
120,51585
121,52008
122,52429
123,52850
124,53280
125,53703
126,54142
127,54567
128,54989
129,55411
130,55832
131,56254
132,56675
133,57105
134,57527
135,57948
136,58371
137,58795
138,59217
139,59639
140,60064
141,60495
142,60921
143,61347
144,61768
145,62194
146,62615
147,63037
148,63465
149,63886
150,64315
151,64735
152,65175
153,65595
154,66032
155,66453
156,66874
157,67296
158,67717
159,68140
160,68560
161,68986
162,69409
163,69831
164,70255
165,70676
166,71111
167,71532
168,71958
169,72385
170,72806
171,73232
172,73654
173,74078
174,74501
175,74923
176,75353
177,75773
178,76213
179,76635
180,77057
181,77480
182,77901
183,78325
184,78754
185,79177
186,79597
187,80021
188,80445
189,80866
190,81296
191,81718
192,82155
193,82580
194,83009
195,83440
196,83869
197,84299
198,84750
199,85185
200,85613
201,86047
202,86522
203,86980
204,87475
205,87906
206,88333
207,88756
208,89181
209,89607
210,90033
211,90457
212,90883
213,91306
214,91728
215,92158
216,92581
217,93018
218,93450
219,93883
220,94310
221,94770
222,95231
223,95698
224,96157
225,96622
226,97061
227,97487
228,97910
229,98367
230,98811
231,99237
232,99658
233,100089
234,100516
235,100940
236,101369
237,101794
238,102247
239,102719
240,103164
241,103591
242,104061
243,104493
244,104925
245,105359
246,105782
247,106215
248,106637
249,107064
250,107491
251,107920
252,108351
253,108779
254,109231
255,109653
256,110081
257,110508
258,110931
259,111372
260,111794
261,112229
262,112654
263,113086
264,113508
265,113936
266,114364
267,114786
268,115234
269,115656
270,116096
271,116522
272,116947
273,117378
274,117805
275,118235
276,118659
277,119093
278,119516
279,119954
280,120386
281,120810
282,121239
283,121662
284,122090
285,122531
286,122953
287,123380
288,123807
289,124237
290,124659
291,125089
292,125513
293,125958
294,126384
295,126806
296,127246
297,127670
298,128098
299,128522
300,128948
301,129375
302,129808
303,130246
304,130672
305,131134
306,131561
307,131994
308,132418
309,132840
310,133272
311,133696
312,134124
313,134545
314,135016
315,135461
316,135922
317,136381
318,136857
319,137313
320,137736
321,138192
322,138625
323,139058
324,139515
325,139967
326,140404
327,140854
328,141284
329,141709
330,142159
331,142583
332,143009
333,143437
334,143861
335,144287
336,144712
337,145141
338,145568
339,145996
340,146420
341,146847
342,147278
343,147733
344,148166
345,148598
346,149026
347,149452
348,149878
349,150302
350,150734
351,151164
352,151588
353,152029
354,152457
355,152900
356,153333
357,153758
358,154185
359,154609
360,155032
361,155455
362,155880
363,156307
364,156734
365,157163
366,157591
367,158018
368,158445
369,158889
370,159313
371,159741
372,160176
373,160600
374,161027
375,161450
376,161876
377,162301
378,162724
379,163162
380,163588
381,164037
382,164466
383,164892
384,165320
385,165749
386,166172
387,166596
388,167020
389,167443
390,167869
391,168296
392,168724
393,169147
394,169574
395,170018
396,170445
397,170881
398,171304
399,171731
400,172155
401,172577
402,173003
403,173426
404,173860
405,174285
406,174708
407,175158
408,175583
409,176011
410,176436
411,176861
412,177288
413,177713
414,178137
415,178569
416,178992
417,179417
418,179840
419,180272
420,180708
421,181150
422,181574
423,182015
424,182438
425,182865
426,183291
427,183715
428,184139
429,184563
430,184997
431,185419
432,185890
433,186315
434,186737
435,187167
436,187588
437,188014
438,188437
439,188859
440,189281
441,189704
442,190128
443,190549
444,190973
445,191394
446,191830
447,192251
448,192673
449,193107
450,193530
451,193954
452,194376
453,194804
454,195226
455,195648
456,196080
457,196501
458,196950
459,197372
460,197795
461,198217
462,198639
463,199061
464,199481
465,199904
466,200329
467,200752
468,201173
469,201595
470,202024
471,202450
472,202883
473,203306
474,203734
475,204156
476,204579
477,205002
478,205424
479,205852
480,206275
481,206705
482,207126
483,207550
484,207994
485,208416
486,208838
487,209260
488,209683
489,210128
490,210550
491,210974
492,211396
493,211820
494,212242
495,212664
496,213089
497,213521
498,213947
499,214373
500,214806
501,215254
502,215689
503,216124
504,216554
505,216985
506,217411
507,217854
508,218287
509,218720
510,219155
511,219578
512,220002
513,220423
514,220849
515,221279
516,221705
517,222137
518,222557
519,223004
520,223431
521,223853
522,224275
523,224698
524,225133
525,225557
526,225984
527,226405
528,226830
529,227251
530,227673
531,228094
532,228516
533,228945
534,229370
535,229814
536,230239
537,230660
538,231086
539,231506
540,231928
541,232349
542,232775
543,233197
544,233620
545,234042
546,234462
547,234888
548,235308
549,235744
550,236168
551,236593
552,237019
553,237441
554,237865
555,238285
556,238709
557,239130
558,239551
559,239980
560,240400
561,240844
562,241265
563,241688
564,242109
565,242530
566,242953
567,243378
568,243801
569,244225
570,244647
571,245071
572,245499
573,245921
574,246342
575,246776
576,247197
577,247630
578,248051
579,248473
