1,426
2,861
3,1284
4,1718
5,2143
6,2564
7,2986
8,3410
9,3833
10,4255
11,4680
12,5102
13,5528
14,5949
15,6375
16,6804
17,7224
18,7653
19,8081
20,8506
21,8930
22,9351
23,9773
24,10194
25,10615
26,11039
27,11461
28,11892
29,12313
30,12753
31,13175
32,13598
33,14020
34,14441
35,14863
36,15283
37,15706
38,16128
39,16553
40,16975
41,17396
42,17820
43,18252
44,18688
45,19111
46,19540
47,19962
48,20383
49,20808
50,21230
51,21654
52,22076
53,22501
54,22931
55,23352
56,23790
57,24210
58,24630
59,25055
60,25478
61,25898
62,26320
63,26743
64,27167
65,27590
66,28011
67,28435
68,28856
69,29277
70,29702
71,30134
72,30562
73,30983
74,31406
75,31832
76,32252
77,32676
78,33096
79,33521
80,33951
81,34372
82,34813
83,35233
84,35658
85,36078
86,36502
87,36921
88,37343
89,37765
90,38187
91,38610
92,39031
93,39455
94,39877
95,40298
96,40733
97,41153
98,41580
99,42002
100,42423
101,42845
102,43267
103,43691
104,44111
105,44540
106,44960
107,45384
108,45820
109,46241
110,46664
111,47085
112,47508
113,47934
114,48356
115,48777
116,49197
117,49620
