1,428
2,850
3,1270
4,1690
5,2114
6,2534
7,2957
8,3379
9,3803
10,4223
11,4663
12,5102
13,5533
14,5953
15,6379
16,6801
17,7232
18,7654
19,8075
20,8496
21,8927
22,9348
23,9788
24,10209
25,10633
26,11055
27,11476
28,11897
29,12317
30,12739
31,13159
32,13582
33,14011
34,14432
35,14856
36,15277
37,15700
38,16133
39,16554
40,16983
41,17404
42,17825
43,18246
44,18669
45,19089
46,19513
47,19944
48,20365
49,20807
50,21227
51,21648
52,22068
53,22489
54,22913
55,23338
56,23760
57,24181
58,24604
59,25025
60,25444
61,25869
62,26297
63,26725
64,27153
65,27576
66,28008
67,28429
68,28853
69,29274
70,29698
71,30118
72,30540
73,30967
74,31389
75,31828
76,32248
77,32670
78,33090
79,33512
80,33933
81,34359
82,34780
83,35200
84,35622
85,36046
86,36466
87,36892
88,37316
89,37747
90,38171
91,38591
92,39019
93,39440
94,39863
95,40283
96,40705
97,41126
98,41546
99,41974
100,42395
101,42832
102,43255
103,43677
104,44097
105,44522
106,44943
107,45370
108,45792
109,46213
110,46641
111,47061
112,47481
113,47905
114,48327
115,48762
116,49185
117,49611
118,50034
119,50455
120,50879
121,51303
122,51727
123,52148
124,52569
125,52997
126,53417
127,53856
128,54278
129,54701
130,55120
131,55541
132,55964
133,56385
134,56807
135,57227
136,57650
137,58071
138,58497
139,58920
140,59364
141,59792
142,60212
143,60640
144,61066
145,61486
146,61909
147,62330
148,62752
149,63173
150,63594
151,64026
152,64462
153,64887
154,65307
155,65736
156,66158
157,66579
158,67000
159,67420
160,67842
161,68262
162,68685
163,69105
164,69530
165,69952
166,70373
167,70811
168,71231
169,71660
170,72081
171,72503
172,72924
173,73347
174,73770
175,74190
176,74618
177,75039
178,75474
179,75904
180,76324
181,76746
182,77205
183,77627
184,78048
185,78473
186,78895
187,79319
188,79741
189,80161
190,80586
191,81010
192,81444
193,81864
194,82285
195,82714
196,83134
197,83556
198,83976
199,84400
200,84821
201,85246
202,85674
203,86094
204,86529
205,86955
206,87377
207,87800
208,88222
209,88646
210,89067
