1,430
2,856
3,1278
4,1700
5,2126
6,2548
7,2968
8,3394
9,3815
10,4251
11,4673
12,5102
13,5523
14,5945
15,6373
16,6795
17,7219
18,7645
19,8073
20,8498
21,8924
22,9365
23,9786
24,10208
25,10631
26,11052
27,11475
28,11898
29,12321
30,12742
31,13170
32,13591
33,14013
34,14440
35,14871
36,15301
37,15723
38,16152
39,16576
40,17005
41,17427
42,17849
43,18273
44,18694
45,19124
46,19545
47,19968
48,20412
49,20833
50,21256
51,21679
52,22105
53,22526
54,22951
55,23374
56,23796
57,24226
58,24647
59,25074
60,25495
61,25916
62,26351
63,26779
64,27245
65,27667
66,28091
67,28514
68,28940
69,29365
70,29788
71,30219
72,30640
73,31076
74,31501
75,31924
76,32346
77,32767
78,33192
79,33613
80,34037
81,34458
82,34884
83,35306
84,35727
85,36159
86,36589
87,37024
88,37447
89,37871
90,38300
91,38721
92,39146
93,39568
94,39992
95,40414
96,40834
97,41265
98,41690
99,42131
100,42551
101,42978
102,43400
103,43825
104,44247
105,44672
106,45094
107,45515
108,45936
109,46361
110,46787
111,47212
112,47633
113,48072
114,48498
115,48929
116,49352
117,49776
118,50200
119,50622
120,51046
121,51467
122,51898
123,52320
124,52740
125,53182
126,53603
127,54027
128,54449
129,54871
130,55294
131,55716
132,56178
133,56599
134,57025
135,57451
136,57876
137,58301
138,58722
139,59159
140,59583
141,60008
142,60430
143,60852
144,61277
145,61697
146,62121
147,62542
148,62974
149,63396
150,63833
151,64258
152,64684
153,65107
154,65530
155,65953
156,66374
157,66796
158,67218
159,67639
160,68064
161,68485
162,68914
163,69335
164,69769
165,70198
166,70619
167,71048
168,71471
169,71896
170,72318
171,72743
172,73164
173,73585
174,74018
175,74440
176,74879
177,75303
178,75724
179,76152
180,76574
181,76996
182,77419
183,77841
184,78265
185,78686
186,79111
187,79536
188,79958
189,80382
190,80805
191,81238
192,81666
193,82091
