1,430
2,854
3,1276
4,1714
5,2138
6,2566
7,2989
8,3413
9,3835
10,4259
11,4680
12,5101
13,5527
14,5947
15,6370
16,6792
17,7213
18,7649
19,8069
20,8499
21,8921
22,9344
23,9765
24,10189
25,10615
26,11035
27,11467
28,11888
29,12311
30,12747
31,13167
32,13594
33,14014
34,14439
35,14859
36,15280
37,15707
38,16131
39,16555
40,16977
41,17403
42,17823
43,18247
44,18683
45,19109
46,19532
47,19952
48,20375
49,20798
50,21221
51,21643
52,22064
53,22494
54,22919
55,23357
56,23784
57,24207
58,24628
59,25049
60,25472
61,25894
62,26315
63,26735
64,27155
65,27580
66,28000
67,28425
68,28846
69,29281
70,29700
71,30123
72,30552
73,30972
74,31396
75,31817
76,32241
77,32662
78,33082
79,33513
80,33933
81,34372
82,34793
83,35216
84,35642
85,36062
86,36484
87,36906
88,37329
89,37750
90,38171
91,38594
92,39017
93,39441
94,39861
95,40290
96,40725
97,41150
98,41573
99,41995
100,42417
101,42838
102,43262
103,43683
104,44106
105,44533
106,44952
107,45393
108,45815
109,46238
110,46659
111,47082
112,47503
113,47923
114,48346
115,48801
116,49226
117,49646
118,50068
119,50493
120,50918
121,51353
122,51773
123,52198
124,52621
125,53045
126,53476
127,53896
128,54318
129,54739
130,55167
131,55590
132,56011
133,56450
134,56871
135,57293
136,57717
137,58142
138,58568
139,58990
140,59411
141,59831
