1,435
2,864
3,1289
4,1711
5,2165
6,2595
7,3032
8,3455
9,3880
10,4307
11,4730
12,5159
13,5590
14,6023
15,6446
16,6886
17,7316
18,7741
19,8164
20,8596
21,9022
22,9449
23,9876
24,10300
25,10722
26,11147
27,11570
28,11997
29,12419
30,12856
31,13287
32,13717
33,14141
34,14565
35,14994
36,15417
37,15845
38,16269
39,16690
40,17123
41,17549
42,17997
43,18420
44,18847
45,19269
46,19692
47,20117
48,20539
49,20966
50,21392
51,21817
52,22239
53,22666
54,23094
55,23569
56,23996
57,24420
58,24860
59,25284
60,25716
61,26139
62,26564
63,26988
64,27409
65,27837
66,28258
67,28697
68,29119
