1,425
2,847
3,1267
4,1687
5,2108
6,2529
7,2955
8,3376
9,3800
10,4220
11,4645
12,5079
13,5499
14,5928
15,6351
16,6774
17,7195
18,7615
19,8036
20,8457
21,8886
22,9306
23,9726
24,10178
25,10599
26,11025
27,11446
28,11868
29,12288
30,12710
31,13131
32,13558
33,13979
34,14400
35,14821
36,15246
37,15667
38,16105
39,16527
40,16954
41,17375
42,17797
43,18217
44,18644
45,19065
46,19488
47,19916
48,20337
49,20759
50,21197
51,21622
52,22043
53,22464
54,22886
55,23307
56,23734
57,24154
58,24574
59,24996
60,25428
61,25859
62,26281
63,26702
64,27136
65,27557
66,27988
67,28413
68,28839
69,29259
70,29682
71,30108
72,30527
73,30956
74,31376
75,31814
76,32237
77,32659
78,33081
79,33503
80,33938
81,34396
82,34847
83,35279
84,35708
85,36133
86,36558
87,36982
88,37427
89,37870
90,38291
91,38743
92,39208
93,39648
94,40133
95,40565
96,41026
97,41501
98,41970
99,42432
100,42904
101,43382
102,43847
103,44312
104,44761
105,45187
106,45611
107,46041
108,46467
109,46896
110,47329
111,47784
112,48211
113,48657
114,49130
115,49638
116,50076
117,50526
118,50981
119,51404
120,51828
121,52256
122,52680
123,53115
124,53549
125,54003
126,54431
127,54860
128,55293
129,55717
130,56143
131,56565
132,56991
133,57416
134,57844
135,58268
136,58732
137,59203
138,59650
139,60078
140,60502
141,60936
142,61365
143,61792
144,62218
145,62644
146,63071
147,63505
148,63987
149,64417
150,64870
151,65335
152,65763
153,66192
154,66620
155,67044
156,67474
157,67899
158,68327
159,68759
160,69183
161,69607
162,70035
163,70458
164,70907
165,71333
166,71767
167,72188
168,72612
169,73037
170,73460
171,73886
172,74318
173,74756
174,75190
175,75613
176,76067
177,76494
178,76920
179,77342
180,77766
181,78189
182,78630
183,79081
184,79560
185,80032
186,80474
187,80921
188,81359
189,81833
190,82290
191,82729
192,83190
193,83619
194,84073
195,84520
196,84983
197,85422
198,85850
199,86280
200,86721
201,87153
202,87575
203,88005
204,88428
205,88855
206,89278
207,89701
208,90126
209,90549
210,90978
211,91401
212,91830
213,92259
214,92724
215,93195
216,93638
217,94081
218,94507
219,94938
220,95366
221,95795
222,96221
223,96646
224,97084
225,97511
226,97958
227,98386
228,98812
229,99237
230,99662
231,100088
232,100565
233,101033
234,101497
235,101938
236,102390
237,102822
238,103250
239,103693
240,104120
241,104544
242,104982
243,105407
244,105836
245,106262
246,106704
247,107174
248,107645
249,108069
250,108521
251,108984
252,109417
253,109889
254,110324
255,110751
256,111173
257,111597
258,112022
259,112445
260,112873
261,113294
262,113722
263,114173
264,114644
265,115081
266,115546
267,116011
268,116436
269,116860
270,117283
271,117709
272,118133
273,118558
274,118989
275,119412
276,119858
277,120282
278,120707
279,121130
280,121552
281,121979
282,122400
283,122824
284,123250
285,123676
286,124100
287,124524
288,124953
289,125374
290,125825
291,126250
292,126687
293,127110
294,127531
295,127957
296,128379
297,128803
298,129265
299,129700
300,130127
301,130548
302,131001
303,131430
304,131854
305,132279
306,132708
307,133132
308,133557
309,133980
310,134403
311,134835
312,135283
313,135750
314,136212
315,136684
316,137156
317,137609
318,138064
319,138509
320,138952
321,139442
322,139866
323,140295
324,140733
325,141158
326,141637
327,142082
328,142513
329,142940
330,143370
331,143809
332,144233
333,144657
334,145081
335,145510
336,145948
337,146383
338,146810
339,147242
340,147688
341,148110
342,148536
343,148979
344,149412
345,149835
346,150302
347,150755
348,151202
349,151680
350,152146
351,152621
352,153092
353,153549
354,153972
355,154403
356,154851
357,155289
358,155720
359,156148
360,156595
361,157023
362,157451
363,157882
364,158311
365,158784
366,159221
367,159669
368,160100
369,160535
370,160961
371,161387
372,161828
373,162267
374,162704
375,163130
376,163558
377,164011
378,164451
379,164882
380,165309
381,165745
382,166173
383,166600
384,167023
385,167451
386,167883
387,168306
388,168739
389,169168
390,169603
391,170035
392,170475
393,170906
394,171334
395,171762
396,172188
397,172621
398,173044
399,173472
400,173909
401,174338
402,174793
403,175218
404,175652
405,176075
406,176507
407,176930
408,177356
409,177786
410,178214
411,178654
412,179079
413,179514
414,179945
415,180373
416,180830
417,181259
418,181703
419,182130
420,182566
421,183007
422,183451
423,183880
424,184309
425,184750
426,185187
427,185649
428,186076
429,186505
430,186928
431,187353
432,187782
433,188214
434,188668
435,189110
436,189554
437,189995
438,190442
439,190873
440,191317
441,191752
442,192187
443,192638
444,193069
445,193507
446,193936
447,194360
448,194808
449,195251
450,195680
451,196111
452,196588
453,197015
454,197444
455,197883
456,198316
457,198751
458,199174
459,199599
460,200023
461,200461
462,200897
463,201326
464,201759
465,202180
466,202618
467,203045
468,203473
469,203905
470,204328
471,204755
472,205178
473,205605
474,206026
475,206462
476,206898
477,207323
478,207766
479,208188
480,208614
481,209037
482,209461
483,209888
484,210313
485,210741
486,211164
487,211597
488,212020
489,212446
490,212882
491,213304
492,213748
493,214182
494,214615
495,215036
496,215461
497,215925
498,216347
499,216777
500,217203
501,217638
502,218059
503,218497
504,218931
505,219358
506,219784
507,220211
508,220639
509,221059
510,221482
511,221910
512,222340
513,222773
514,223200
515,223632
516,224053
517,224487
518,224913
519,225336
520,225770
521,226196
522,226625
523,227089
524,227534
525,227960
526,228429
527,228889
528,229360
529,229830
530,230262
531,230700
532,231151
533,231602
534,232024
535,232481
536,232950
537,233386
538,233873
539,234344
540,234843
541,235281
542,235732
543,236166
544,236599
545,237022
546,237450
547,237881
548,238304
549,238734
550,239157
551,239592
552,240019
553,240455
554,240896
555,241325
556,241748
557,242172
558,242598
559,243030
560,243456
561,243880
562,244305
563,244771
564,245243
565,245673
566,246132
567,246579
568,247045
569,247481
570,247916
571,248339
