1,429
2,851
3,1272
4,1695
5,2116
6,2536
7,2961
8,3384
9,3820
10,4241
11,4664
12,5090
13,5513
14,5942
15,6362
16,6783
17,7204
18,7633
19,8054
20,8476
21,8915
22,9335
23,9756
24,10182
25,10604
26,11024
27,11448
28,11871
29,12291
30,12715
31,13135
32,13559
33,13980
34,14400
35,14828
36,15258
37,15687
38,16108
39,16547
40,16980
41,17403
42,17832
43,18254
44,18684
45,19105
46,19526
47,19964
48,20385
49,20808
50,21231
51,21654
52,22077
53,22498
54,22925
55,23350
56,23775
57,24197
58,24620
59,25041
60,25469
61,25899
62,26320
63,26751
64,27173
65,27593
66,28015
67,28448
68,28872
69,29293
70,29714
71,30142
72,30576
73,31004
74,31427
75,31848
76,32268
77,32688
78,33110
79,33532
80,33955
81,34375
82,34798
83,35219
84,35648
85,36068
86,36498
87,36921
88,37342
89,37770
90,38191
91,38615
92,39038
93,39459
94,39881
95,40309
96,40737
97,41159
98,41585
99,42017
100,42438
101,42858
102,43281
103,43705
104,44131
105,44555
106,44977
107,45400
108,45823
109,46244
110,46669
111,47094
112,47516
113,47947
114,48370
115,48795
116,49216
117,49637
118,50056
119,50479
120,50904
121,51338
122,51771
123,52191
124,52630
125,53051
126,53472
127,53893
128,54315
129,54735
130,55159
131,55583
132,56005
133,56431
134,56852
135,57272
136,57697
137,58117
138,58552
139,58974
140,59396
141,59824
142,60244
143,60724
144,61145
145,61566
146,61988
147,62409
148,62839
149,63260
150,63701
151,64124
152,64546
153,64967
154,65389
155,65811
156,66234
157,66659
