1,444
2,866
3,1287
4,1714
5,2138
6,2561
7,2983
8,3405
9,3825
10,4247
11,4761
12,5184
13,5621
14,6042
15,6464
16,6884
17,7308
18,7735
19,8156
20,8579
21,9000
22,9428
23,9849
24,10276
25,10698
26,11119
27,11554
28,11976
29,12405
30,12827
31,13247
32,13673
33,14095
34,14519
35,14938
36,15361
37,15790
38,16216
39,16654
40,17075
41,17497
42,17919
43,18341
44,18763
45,19183
46,19606
47,20039
48,20467
49,20888
50,21310
51,21733
52,22156
53,22590
54,23010
55,23437
56,23858
57,24281
58,24704
59,25127
60,25550
61,25971
62,26400
63,26823
64,27244
65,27683
66,28103
67,28527
68,28960
69,29383
70,29805
71,30229
72,30653
73,31075
74,31498
75,31922
76,32349
77,32771
78,33192
79,33627
80,34048
81,34477
82,34901
83,35338
84,35759
85,36189
86,36613
87,37036
88,37465
89,37886
90,38313
91,38747
92,39170
93,39592
94,40013
95,40434
96,40855
97,41277
98,41698
99,42118
100,42542
101,42962
102,43386
103,43812
104,44232
105,44664
106,45091
107,45511
108,45934
109,46356
110,46779
111,47200
112,47622
113,48048
114,48478
115,48900
116,49332
117,49764
118,50187
119,50607
120,51033
121,51454
122,51875
123,52297
124,52718
125,53138
126,53562
127,53982
128,54408
129,54828
130,55261
131,55684
132,56108
133,56540
134,56962
135,57385
136,57807
137,58228
138,58651
139,59075
140,59501
141,59922
142,60357
143,60779
144,61200
145,61624
146,62046
147,62466
148,62886
149,63308
150,63728
151,64151
152,64581
153,65007
154,65431
155,65852
156,66273
157,66707
158,67137
159,67557
160,67977
161,68401
162,68821
163,69245
164,69665
165,70087
166,70515
167,70936
168,71373
169,71797
170,72225
171,72645
172,73067
173,73490
174,73912
175,74334
176,74756
177,75179
178,75600
179,76022
180,76448
181,76869
182,77306
183,77728
184,78155
185,78578
186,78999
187,79421
188,79842
189,80265
190,80686
191,81107
192,81544
193,81963
194,82403
195,82823
196,83244
197,83664
198,84085
199,84509
200,84929
201,85351
202,85772
203,86195
204,86621
205,87043
206,87466
207,87887
208,88322
209,88743
210,89171
211,89592
212,90012
213,90435
214,90855
215,91279
216,91704
217,92127
218,92554
219,92975
220,93413
221,93834
222,94257
223,94677
224,95101
225,95523
226,95945
227,96366
228,96791
229,97218
230,97639
231,98064
232,98486
233,98906
234,99343
235,99763
236,100194
237,100614
238,101035
239,101458
240,101879
241,102302
242,102723
243,103144
244,103573
245,103993
246,104432
247,104853
248,105276
249,105698
250,106117
251,106540
252,106961
253,107383
254,107805
255,108229
256,108650
257,109071
258,109496
259,109916
260,110351
261,110776
262,111205
263,111628
264,112051
265,112475
266,112899
267,113324
268,113745
269,114170
270,114600
271,115024
272,115464
273,115885
274,116307
275,116730
276,117152
277,117573
278,117995
279,118417
280,118838
281,119260
282,119683
283,120106
284,120528
285,120952
286,121388
287,121809
288,122240
289,122660
290,123087
291,123508
292,123928
293,124352
294,124772
295,125195
296,125622
297,126047
298,126484
299,126912
300,127337
301,127758
302,128179
303,128600
304,129026
305,129449
306,129871
307,130298
308,130719
309,131143
310,131564
311,131984
312,132419
313,132839
314,133267
315,133690
316,134112
317,134533
318,134953
319,135376
320,135799
321,136229
322,136650
323,137085
324,137510
325,137932
326,138354
327,138775
328,139199
329,139621
330,140048
331,140473
332,140893
333,141317
334,141738
335,142162
336,142585
337,143016
338,143441
339,143860
340,144291
341,144716
342,145139
343,145559
344,145979
345,146402
346,146823
347,147253
348,147678
349,148117
350,148538
351,148960
352,149383
353,149805
354,150227
355,150656
356,151077
357,151499
358,151920
359,152349
360,152772
361,153195
362,153617
363,154048
364,154472
365,154892
366,155322
367,155744
368,156165
369,156585
370,157006
371,157427
372,157850
373,158277
374,158697
375,159139
376,159562
377,159990
378,160412
379,160835
380,161258
381,161679
382,162104
383,162525
384,162951
385,163371
386,163794
387,164218
388,164639
389,165073
390,165494
391,165917
392,166343
393,166764
394,167187
395,167607
396,168030
397,168451
398,168871
399,169301
400,169721
401,170159
402,170579
403,171003
404,171424
405,171846
406,172268
407,172689
408,173115
409,173535
410,173956
411,174379
412,174800
413,175225
414,175645
415,176084
416,176506
417,176928
418,177356
419,177779
420,178201
421,178623
422,179047
423,179468
424,179889
425,180319
426,180741
427,181181
428,181603
429,182026
430,182447
431,182868
432,183289
433,183714
434,184137
435,184557
436,184981
437,185402
438,185823
439,186249
440,186669
441,187104
442,187527
443,187953
444,188376
445,188800
446,189226
447,189648
448,190074
449,190495
450,190917
451,191346
452,191766
453,192207
454,192627
455,193052
456,193481
457,193902
458,194324
459,194746
460,195173
461,195594
462,196019
463,196440
464,196861
465,197286
466,197712
467,198142
468,198563
469,198990
470,199411
471,199832
472,200255
473,200675
474,201136
475,201556
476,201985
477,202407
478,202828
479,203266
480,203689
481,204111
482,204533
