1,447
2,910
3,1394
4,1878
5,2379
6,2831
7,3268
8,3706
9,4131
10,4560
11,4983
12,5406
13,5831
14,6252
15,6680
16,7101
17,7530
18,7954
19,8376
20,8801
21,9223
22,9670
23,10101
24,10539
25,10963
26,11387
27,11818
28,12247
29,12672
30,13098
31,13533
32,13956
33,14390
34,14833
35,15258
36,15679
37,16102
38,16525
39,16947
40,17372
41,17793
42,18217
43,18642
44,19064
45,19490
46,19919
47,20362
48,20785
49,21217
50,21650
51,22074
52,22501
53,22922
54,23349
55,23769
56,24190
57,24625
58,25046
59,25502
60,25922
61,26344
62,26768
63,27197
64,27619
65,28040
66,28466
67,28887
68,29311
69,29737
70,30159
71,30589
72,31015
73,31445
74,31883
75,32317
76,32751
77,33173
78,33597
79,34023
80,34447
81,34870
82,35292
83,35724
84,36153
85,36605
86,37027
87,37453
88,37875
89,38298
90,38723
91,39144
92,39568
93,39991
94,40417
95,40839
96,41263
97,41695
98,42119
99,42565
100,42985
101,43425
102,43849
103,44271
104,44694
105,45117
106,45542
107,45967
108,46394
109,46827
110,47250
111,47701
112,48174
113,48621
114,49055
115,49510
116,49955
117,50441
118,50916
119,51376
120,51813
121,52268
122,52713
123,53167
124,53624
125,54070
126,54549
127,55017
128,55477
129,55939
130,56386
131,56880
132,57341
133,57799
134,58255
135,58766
136,59305
137,59791
138,60263
139,60752
140,61216
141,61690
142,62179
143,62657
144,63135
145,63619
146,64114
147,64575
148,65023
149,65473
150,65918
151,66350
152,66778
153,67203
154,67634
155,68056
156,68496
157,68920
158,69363
159,69847
160,70310
161,70750
162,71184
163,71626
164,72054
165,72484
166,72926
167,73361
168,73834
169,74292
170,74737
171,75217
172,75695
173,76161
174,76615
175,77076
176,77554
177,78013
178,78457
179,78889
180,79353
181,79806
182,80237
183,80722
184,81200
185,81643
186,82073
187,82527
188,82975
189,83426
190,83913
191,84383
192,84817
193,85266
194,85698
195,86132
196,86592
197,87018
198,87463
199,87885
200,88329
201,88755
202,89177
203,89601
204,90024
205,90461
206,90886
207,91326
208,91762
209,92183
210,92608
211,93039
212,93467
213,93891
214,94319
215,94743
216,95182
217,95619
218,96041
219,96474
220,96894
221,97336
222,97772
223,98194
224,98654
225,99110
226,99554
227,99995
228,100457
229,100910
230,101379
231,101819
232,102296
233,102769
234,103209
235,103651
236,104112
237,104550
238,104997
239,105425
240,105853
241,106300
242,106779
243,107242
244,107683
245,108138
246,108603
247,109066
248,109544
249,110006
250,110475
251,110934
252,111363
253,111813
254,112296
255,112741
256,113206
257,113665
258,114087
259,114552
260,115013
261,115461
262,115910
263,116377
264,116806
265,117231
266,117664
267,118093
268,118527
269,118948
270,119400
271,119823
272,120261
273,120685
274,121109
275,121537
276,121957
277,122382
278,122808
279,123240
280,123670
281,124091
282,124551
283,124977
284,125407
285,125833
286,126263
287,126691
288,127115
289,127541
290,127970
291,128398
292,128821
293,129251
294,129677
295,130122
296,130556
297,130988
298,131426
299,131846
300,132272
301,132695
302,133127
303,133597
304,134057
305,134523
306,134982
307,135465
308,135924
309,136358
310,136836
311,137269
312,137734
313,138182
314,138654
315,139089
316,139558
317,140001
318,140456
319,140907
320,141359
321,141823
322,142279
323,142722
324,143179
325,143618
326,144070
327,144501
328,144933
329,145370
330,145798
331,146241
332,146674
333,147100
334,147523
335,147945
336,148367
337,148788
338,149211
339,149638
340,150064
341,150504
342,150926
343,151355
344,151776
345,152229
346,152660
347,153092
348,153546
349,153992
350,154444
351,154911
352,155372
353,155800
354,156267
355,156717
356,157171
357,157619
358,158068
359,158527
360,158992
361,159436
362,159879
363,160304
364,160727
365,161158
366,161580
367,162001
368,162431
369,162852
370,163304
371,163726
372,164159
373,164585
374,165018
375,165446
376,165875
377,166303
378,166729
379,167162
380,167599
381,168034
382,168492
383,168927
384,169397
385,169852
386,170327
387,170805
388,171277
389,171753
390,172189
391,172628
392,173061
393,173487
394,173926
395,174394
396,174833
397,175267
398,175703
399,176138
400,176569
401,177013
402,177459
403,177920
404,178354
405,178795
406,179256
407,179693
408,180116
409,180543
410,180978
411,181409
412,181848
413,182287
414,182721
415,183158
416,183582
417,184008
418,184448
419,184892
420,185334
421,185818
422,186295
423,186744
424,187211
425,187641
426,188078
427,188517
428,188964
429,189417
430,189847
431,190305
432,190734
433,191164
434,191589
435,192011
436,192438
437,192860
438,193290
439,193712
440,194140
441,194564
442,194997
443,195420
444,195849
445,196300
446,196720
447,197165
448,197601
449,198027
450,198463
451,198885
452,199320
453,199742
454,200181
455,200652
456,201160
457,201605
458,202066
459,202499
460,202941
461,203432
462,203898
463,204355
464,204806
465,205273
466,205745
467,206187
468,206646
469,207125
470,207574
471,208050
472,208479
473,208911
474,209347
475,209775
476,210215
477,210640
478,211085
479,211513
480,211939
481,212390
482,212817
483,213246
484,213672
485,214109
486,214540
487,214966
488,215390
489,215818
490,216250
491,216678
492,217120
493,217549
494,218027
495,218462
496,218906
497,219338
498,219779
499,220209
500,220632
501,221059
502,221480
503,221910
504,222346
505,222773
506,223229
507,223654
508,224082
509,224555
510,225048
511,225478
512,225911
513,226339
514,226760
515,227188
516,227613
517,228048
518,228468
519,228888
520,229342
521,229770
522,230205
523,230625
524,231051
525,231481
526,231903
527,232337
528,232758
529,233194
530,233614
531,234067
532,234504
533,234944
534,235370
535,235793
536,236223
537,236655
538,237085
539,237530
540,237981
541,238415
542,238853
543,239303
544,239760
545,240244
546,240707
547,241164
548,241619
549,242060
550,242509
551,243001
552,243426
553,243849
554,244282
555,244703
556,245167
557,245643
558,246098
559,246538
560,247000
561,247481
562,247911
563,248371
564,248839
565,249283
566,249715
567,250157
568,250622
569,251077
570,251522
571,251984
572,252415
573,252842
574,253318
575,253765
576,254239
577,254698
578,255199
579,255659
580,256112
581,256576
582,257010
583,257475
584,257963
585,258408
586,258864
587,259312
588,259765
589,260250
590,260697
591,261140
592,261573
593,262035
594,262473
595,262914
596,263352
597,263787
