1,427
2,848
3,1268
4,1690
5,2114
6,2534
7,2959
8,3383
9,3811
10,4231
11,4655
12,5076
13,5511
14,5932
15,6358
16,6780
17,7203
18,7625
19,8046
20,8469
21,8893
22,9324
23,9746
24,10168
25,10606
26,11027
27,11449
28,11869
29,12291
30,12714
31,13136
32,13558
33,13978
34,14402
35,14823
36,15247
37,15666
38,16088
39,16522
40,16942
41,17362
42,17791
43,18213
44,18642
45,19063
46,19487
47,19908
48,20338
49,20759
50,21188
51,21616
52,22037
53,22462
54,22883
55,23305
56,23728
57,24152
58,24572
59,24993
60,25416
61,25837
62,26258
63,26682
64,27103
65,27537
66,27958
67,28387
68,28807
69,29229
70,29652
71,30073
72,30498
73,30920
74,31347
75,31767
76,32203
77,32626
78,33048
79,33470
80,33891
81,34311
82,34732
83,35156
84,35577
85,35998
86,36421
87,36841
88,37264
89,37687
90,38115
91,38543
92,38964
93,39417
94,39863
95,40286
96,40710
97,41133
98,41556
99,41979
100,42406
101,42829
102,43255
103,43686
104,44108
105,44530
106,44952
107,45372
108,45796
109,46218
110,46644
111,47064
112,47487
113,47908
114,48333
115,48755
116,49184
117,49619
118,50040
119,50467
120,50888
121,51311
122,51732
123,52155
124,52579
125,53001
126,53433
127,53859
128,54290
129,54722
130,55145
131,55566
132,55989
133,56412
134,56832
135,57253
136,57674
137,58097
138,58517
139,58938
140,59362
141,59782
142,60211
143,60638
144,61059
145,61486
146,61906
147,62328
148,62748
149,63170
150,63591
151,64012
152,64440
153,64860
154,65297
155,65721
156,66145
157,66565
158,66995
159,67417
160,67838
161,68259
162,68684
163,69109
164,69529
165,69949
166,70373
167,70793
168,71230
169,71650
170,72074
171,72499
172,72920
173,73343
174,73763
175,74186
176,74610
177,75033
178,75464
179,75884
180,76325
181,76746
182,77168
183,77589
184,78012
185,78432
186,78853
187,79280
188,79703
189,80131
190,80554
191,80975
192,81404
193,81826
194,82258
195,82680
196,83107
197,83529
198,83951
199,84376
200,84796
201,85219
202,85639
203,86060
204,86489
205,86910
206,87351
207,87773
208,88194
209,88619
210,89042
211,89465
212,89888
213,90311
214,90731
215,91157
216,91577
217,91997
218,92421
219,92844
220,93276
221,93696
222,94116
223,94544
224,94965
225,95389
226,95808
227,96231
228,96651
229,97072
230,97500
231,97923
232,98366
233,98785
234,99212
235,99632
236,100056
237,100478
238,100897
239,101319
240,101739
241,102163
242,102582
243,103007
244,103432
245,103853
246,104341
247,104772
248,105209
249,105630
250,106055
251,106477
252,106899
253,107323
254,107743
255,108173
256,108594
257,109022
258,109457
259,109879
260,110304
261,110724
262,111146
263,111567
264,111986
265,112407
266,112829
267,113253
268,113676
269,114105
270,114537
271,114958
272,115391
273,115813
274,116241
275,116662
276,117084
277,117505
278,117931
279,118353
280,118773
281,119204
282,119627
283,120059
284,120515
285,120948
286,121376
287,121797
288,122219
289,122641
290,123063
291,123483
292,123905
293,124329
294,124750
295,125184
296,125605
297,126031
298,126461
299,126880
300,127309
301,127731
302,128153
303,128573
304,128995
305,129420
306,129840
307,130270
308,130690
309,131128
310,131554
311,131976
312,132398
313,132820
314,133242
315,133662
316,134084
